----------------------------------COORIDINATES-----------------------------------
	X			Y			Z		   t   
87759.59561073594	14749776.290137252	13287742.646019245	0.0
-15153465.887556776	-10216705.87043523	-21149626.70628507	0.0
-10389743.720715638	-25308643.75852501	-1793468.3862447185	0.0
8218426.867006638	15468285.275419593	-21026417.81504579	0.0
20389967.858123403	12194850.904605452	-14936011.353997746	0.0
9686339.948890856	-11349342.728468776	11426470.016765997	0.0
-13770512.429025667	-23374801.760457847	874267.9611673406	0.0
19831886.652423948	-21735811.662032377	5112743.037777192	0.0
-13252481.15877822	12264996.482078187	18316250.60926856	0.0
-20051773.08078205	22183898.78101595	-11919259.607125193	0.0
-16605309.22555631	-23356264.58481904	-12668964.992190622	0.0
2469540.960720516	6894322.866717147	-17014942.27565192	0.0
12393331.407242732	-10611006.837860005	22051629.426996443	0.0
-12147727.61285372	-14907445.837881768	21237128.89046507	1.8189894035458565e-12
-4251345.575314425	-553970.9008558113	18226123.94009342	0.0
-2802755.999151989	26141368.764120523	2804256.167398748	1.8189894035458565e-12
4380238.407124091	20568441.431965865	12155634.057316294	1.8189894035458565e-12
-15945141.041862287	-9319961.559596037	9199169.021621207	1.8189894035458565e-12
-21081700.269407112	8174469.8899534475	5425190.640319346	1.8189894035458565e-12
5377089.249785033	-4614582.439263703	17950777.30143647	1.8189894035458565e-12
15586425.300799413	-10769018.520900784	21222187.48684176	1.8189894035458565e-12
-12156825.96972579	24272493.915916085	10517565.136451308	1.8189894035458565e-12
-5001959.230627539	-6941753.325177053	-19041424.68398224	1.8189894035458565e-12
-21275490.646602172	-12978677.391890064	-2361715.8109071264	1.8189894035458565e-12
-16353571.952701544	17980049.1000843	-20081458.956201162	1.8189894035458565e-12
-2189645.2174564116	-19894109.472241227	9915998.271412428	0.0
-2819102.297433069	-5229858.53436713	-18218257.334649988	0.0
-14278843.48531018	21685348.502458822	-654127.7681720618	0.0
-8415615.191922635	1273912.9627252063	19689466.58288583	0.0
-1207832.0629885485	14506214.955106054	21987434.19656581	0.0
-14186054.807395259	-4140223.8864379344	21819339.197377525	0.0
13040911.467616593	14970873.485723112	20252066.843336437	0.0
-20759005.264238015	6600622.928758052	-12593334.657817347	0.0
-12701664.705490958	-13929744.975650718	18554905.703984648	0.0
25267467.311739333	7623221.506140297	-7700027.450792058	0.0
-19045068.353692546	21052392.847462613	-15478395.11589765	0.0
-10635104.79595394	14125943.538475899	-19577336.485831838	0.0
-16520967.579764962	-24104303.85888934	10902597.081011139	0.0
-26254086.972804118	-814839.6427694715	2146640.4661541684	0.0
16588600.604165789	20236593.977958187	-16323590.628147753	0.0
-2268174.3776386743	26447864.103774168	-1030273.585809174	3.637978807091713e-12
-4058540.7015392357	12831442.34888718	-21676847.471423835	3.637978807091713e-12
-22857935.853665818	13100662.04600802	295886.95527982136	3.637978807091713e-12
-14147575.823656468	14373166.749970622	18365954.94420596	3.637978807091713e-12
6949244.032472229	5319213.9213479515	-17977181.417581294	3.637978807091713e-12
8185475.954884864	10493153.634888278	22078285.266704693	3.637978807091713e-12
-16007607.938799081	696935.2141784197	-12961087.935644832	3.637978807091713e-12
-18053730.367357466	-14610734.480251629	-4296929.329739675	3.637978807091713e-12
-14370179.869625188	-7127272.468469158	-10854634.501321523	3.637978807091713e-12
20858149.7882997	19288105.688510247	-16383534.301427487	3.637978807091713e-12
-23199249.401963346	-18188164.50941777	-5821289.87658815	0.0
8839435.886827493	15829353.407457765	-16245619.348998537	3.637978807091713e-12
-6244290.652689035	12663246.742129447	-20733804.70412552	0.0
6801115.122020074	22492012.877049603	4750647.588523234	0.0
-17958396.011005655	8592946.63821431	15484141.76777446	0.0
17977742.202393755	17798493.207615737	-18694461.0208177	0.0
1393768.7374665032	15223460.549677	-21739695.92029009	0.0
-14964492.369336557	22625287.835140556	-1058807.2562990384	0.0
-7312092.3804861205	3702118.8113765176	-18972309.472677376	0.0
-8870848.358244143	15827891.563339034	9091581.08014473	0.0
-19060441.335089896	23052081.20287761	9063634.907917947	0.0
-25459494.548568767	1211831.3688805606	5121235.169130671	0.0
1298077.1620097794	5602098.730353677	-17602564.990520716	0.0
-10937398.226283582	22178840.537093744	-12758799.690369314	0.0
12058937.001087727	5183100.538201186	-16805001.7487089	0.0
-3853890.7288023764	26389518.44446021	2370990.9175390927	0.0
12953892.932759924	-16266508.772951562	-20947291.60420861	0.0
-14680155.93817265	11861227.686082138	-18825489.75037841	0.0
-14904024.83627812	3592468.2894079406	21809065.50858334	0.0
-41836.88324810751	10383787.062288113	21339624.446219314	0.0
-2777486.5841030246	-6894804.89078407	20916339.96814637	0.0
-17708447.546277694	2741188.0161175216	10811111.233862678	0.0
-19965876.59085989	-18869859.37062215	-16694367.993301421	0.0
-23588928.922309093	-237326.627799022	6620463.081200106	0.0
-22693882.864417333	-17308648.723914176	-3273706.905872746	0.0
1687176.9248996815	22520268.936929833	-9204010.457912363	0.0
-11972834.155730106	-15690684.978076741	-16870250.907797396	0.0
-18732723.328776136	21640807.15838918	-3776727.9589494187	0.0
-10599643.640136357	17316004.202729147	20680026.167679407	0.0
-953160.9142405838	16909016.93298366	13121574.366063591	0.0
-19491176.578513924	23146636.54805108	-10950344.59310833	7.275957614183426e-12
-11556724.074001955	18554256.014536254	-5790964.3246461	0.0
10235921.520066626	22367371.44225818	-2784160.909829441	0.0
-15608030.812605824	9953656.427683871	17094594.833362903	0.0
19564609.228895802	13347695.056731498	-16046136.12477333	0.0
-14990199.637709895	-8991537.397157747	-21612538.008850418	0.0
-8183855.187606449	3509099.1977878334	19922714.25201191	0.0
-13682205.317132078	-24991840.672656294	-4627222.741075377	0.0
-9145491.19781635	3899937.065007801	-21100146.506346934	0.0
-1694136.9171228036	8921565.9064923	-15687476.459213283	0.0
-15491427.281942986	10816606.953503352	-20427905.50527294	7.275957614183426e-12
-5916632.059228247	25891899.189708576	5477343.504169703	7.275957614183426e-12
-11991517.051369289	-13325311.194601277	21914123.592585534	7.275957614183426e-12
2389154.2126786825	24767708.31234925	6257198.159935743	7.275957614183426e-12
-7982843.692222419	-1183860.6821126156	16128288.055956215	7.275957614183426e-12
289128.78542684764	-7219084.433515828	-19554207.793207973	7.275957614183426e-12
-12194033.15893631	19437189.59111656	15605718.617599634	7.275957614183426e-12
2673047.7098509036	9054738.589238638	20559747.38332797	7.275957614183426e-12
4251378.6285381615	-6518127.9288992295	14765495.606850473	7.275957614183426e-12
20073034.285417162	19139142.732079692	-17419779.918379094	7.275957614183426e-12
9084868.002180845	17994539.63855089	15126096.220700126	0.0
-13754760.488848958	16781238.406736914	-20771478.688620552	7.275957614183426e-12
10161484.970209282	-127782.27293417044	-21135305.530509893	0.0
-1711979.9937087325	12446167.56015589	-14831056.433410488	0.0
25309107.789712384	9783552.798868265	-8495726.017393136	0.0
-13271203.455342986	19798932.669288486	-3481862.2798189963	0.0
-7064774.723595165	-21282164.07836616	5971078.80346625	0.0
9482659.589644475	15211976.449508559	20712860.23633618	0.0
-17230049.299101416	-13025487.651549738	-16321183.333859041	0.0
-16033177.98333312	-12623249.825290913	21149838.402694546	0.0
-1033694.4757514521	7068267.834310068	16472921.01713292	0.0
-9477054.12146765	25924060.184955116	5384438.415700976	0.0
-16591224.143987825	7145242.073961206	-16109617.15920144	0.0
7648102.676344651	-4223154.945593674	20863287.784561127	0.0
14463985.453085419	24765559.067631193	-8734276.080467716	0.0
-16231314.030994724	-20667476.780679118	16237904.192864511	0.0
17262590.852870915	14263647.442538295	4980412.378688815	0.0
21504766.929038268	19478774.472282942	-15612137.040941244	0.0
-14360914.952615894	-16332683.823661081	-20601593.831854925	0.0
-11575625.078004792	-6453244.201682136	-13164631.91310407	0.0
-13260479.171407526	17444974.822132472	17052314.857195113	0.0
3241489.6948759304	8661192.486206187	21042258.143241763	0.0
1152308.4311226355	11428329.95759686	-21941383.549704596	0.0
-5900580.383916672	25923861.51602414	-4362653.346686145	0.0
-13051906.23250599	900620.7202760391	19965726.40517972	0.0
255367.94494174793	24673819.410220522	5647442.107546151	0.0
22071429.4851726	20940621.473946765	10695323.921857648	0.0
8126826.38953072	18947838.074729778	-14472892.860951811	0.0
4323245.845851582	-12565859.443707038	21028157.413518615	0.0
4453407.8337460775	15055023.828432834	-22246315.283407994	0.0
-16823335.08466632	-14986617.150688581	20194270.09142259	0.0
19959006.36747647	12152449.170748208	15014324.93903158	0.0
12951212.13320317	-16616098.997106064	-6773670.993640213	0.0
-10149304.552149966	1201203.6443179408	-20651817.42071885	0.0
-21815453.82921493	-21102816.878554974	13610674.619363723	0.0
-6225344.104936571	-20747955.99483209	-7055768.572378604	0.0
-3353707.1244384944	13355329.34503512	-15239575.811701566	0.0
-20691620.23060286	2877759.0457345806	11310138.76939012	0.0
-14440537.698910002	-24446237.02006806	3483926.614131969	0.0
-19463118.83400272	20959961.04229606	16240869.352771787	0.0
-18091544.18044702	-18159014.57826789	-18503127.36351243	0.0
-10236691.04116449	4986468.779776049	21308800.30191681	0.0
-13873836.017714482	-4474258.30775319	15976829.463668382	-86400.0
19560371.039852846	-2077901.4330792874	-10259273.144977748	-86400.0
3703804.2125524003	23864105.143017538	-8195159.578590111	-86400.0
-8814901.941345219	-174213.95797715895	-16230530.676059127	-86400.0
-13053724.660081495	21261874.67240135	-14311831.730912546	-86400.0
-22367496.008738894	-15290835.94535012	-590686.1006111276	-86400.0
3740545.112810293	8332380.06575992	-21339319.465330992	-86400.0
14368593.70176423	15611576.9176109	20962922.223573044	-86400.0
-4956648.174084132	14570036.19918872	21973699.345706694	-86400.0
11107377.793262893	8927258.259710966	19994915.443167735	-86400.0
-14099531.098559417	-12381954.93243713	18870651.476464264	-86400.0
