----------------------------------COORIDINATES-----------------------------------
	X			Y			Z		   t   
3674345.66139426	15634218.021178802	-21903667.30039335	-86400.0
-13865528.564387787	-2211605.2854027613	-21713724.63876514	-86400.0
1544072.8263007682	21184596.326765344	8556616.150701975	-86400.0
-10385836.437168458	-25604218.12480366	-7174738.288038101	-86400.0
16949311.930390276	15567307.709009245	-18372932.705134656	-86400.0
-16878782.405461725	6889761.928644613	14935918.408850333	-86400.0
-21239010.86126707	20720750.49884125	-6985466.914426143	-86400.0
19913702.24026723	-17428817.476379514	-314281.52946822444	-86400.0
7315743.361225441	-3718642.4847436547	15709822.59086282	-86400.0
-13991374.520772085	-25299672.325520944	6039467.129111527	-86400.0
15745164.04113165	19796670.052565996	16671038.253422398	-86400.0
-5097188.986542932	1308125.0526377298	19704479.870344955	-86400.0
15501843.274906639	-15749880.407767648	21043842.577187885	-86400.0
867829.2687179502	12370842.584639845	20957091.40587483	-86400.0
19311172.932527132	-771380.7917349618	-10524534.239705702	-86400.0
-8355633.229706658	-9640644.54901233	21373402.662323076	-86400.0
-2065626.658839506	25571370.342069123	-2585542.6834153435	-86400.0
-17211647.87793374	-16035506.2312453	4041826.566178363	-86400.0
5285029.654795128	14084310.348248126	16297327.286286447	-86400.0
8559726.503987912	2858065.6440167725	14650419.692499787	-86400.0
-12246096.74345337	25451935.285920568	5424550.96165722	-86400.0
16569903.81105626	-17382678.39062599	18965484.997435283	-86400.0
-6913365.838837784	-8123764.179703383	14575593.509085141	-86400.0
-21538179.63687037	-18711926.505923606	2979711.890167124	-86400.0
-14494520.170585336	9418020.754382439	-16759492.462906944	-86400.0
-20496423.201078605	22210886.06301033	-11218292.833305825	-86400.0
-6314455.6483878875	9657105.851160612	17106684.967506215	-86400.0
23053581.611855205	13372821.192421857	-12560416.322138695	-86400.0
-13348933.370114593	16313368.5285974	-6004601.019785515	-86400.0
-5690299.536396084	11590900.051844068	20788356.592129175	-86400.0
-2902914.94809324	-24428295.959488902	4887372.908960529	-86400.0
-8454398.032067485	-16071498.742992831	20484874.573927637	-86400.0
-12991995.410815667	4279572.133161854	21060530.182932787	-86400.0
8615022.813575812	15187907.792349547	21928666.94197197	-86400.0
-5532545.47272229	2894792.673813575	-20682073.11577098	-86400.0
-23027214.59220556	-237635.1182138929	-7802374.953180342	-86400.0
-15887145.370169599	-21253159.749726634	15265495.408109596	-86400.0
3084457.6396721117	11389521.649517026	-20364228.21806173	-86400.0
-16128537.83373509	-14343292.423885697	-5790048.87161193	-86400.0
-17776248.126082115	-18262830.237468243	19211781.620037157	-86400.0
-14227154.020250887	20515668.74163191	15008095.008511227	-86400.0
1554041.4094705163	-25040854.857440278	-4454787.41658629	-86400.0
12919153.352861056	6073837.361184413	16947572.6112219	-86400.0
4800493.753049378	4061503.9282268668	21131713.909060657	-86400.0
-21997078.836654194	6154090.963081019	5490403.295864587	-86400.0
-20218732.835612014	-21184129.234491788	15344602.380103882	-86400.0
-8483831.882890243	15630568.413798625	-21508348.432582356	-86400.0
-19583634.020551734	16456014.208035102	16894128.36813863	-86400.0
-18560285.549587835	-20081668.215862237	1062069.9496906658	-86400.0
-22019628.794407018	-21133777.156136744	-10824145.220265279	-86400.0
-10282993.851453256	7831190.944733045	-18353179.738151	-86400.0
14223482.943517238	-17840441.710766073	-4307007.204450154	-86400.0
-3324622.634511126	13009931.657771427	-21049375.084476773	-86400.0
-19671798.342384707	20768280.852526054	3849686.6037374767	-86400.0
-16476217.07005008	-11530214.080613194	20721381.349749073	-86400.0
-5256168.615695619	12097201.845780095	-15967323.077682348	-86400.0
-20863767.495066747	2236350.9319371926	11104733.298784105	-86400.0
20417477.794396546	15421209.265259784	16159617.480548728	-86400.0
20363912.58477527	-21826139.604436528	15093002.59309112	-86400.0
-6978928.963949877	8658486.913193995	13653715.512167502	-86400.0
7525990.70279027	25533875.5272887	-863613.6246529242	-86400.0
-26048750.730696578	-5816445.540993159	-242127.8832055063	-86400.0
4201325.506712753	-2507366.176078396	-20255760.526614845	-86400.0
8280551.852060786	10853972.48918892	-19743860.42933307	-86400.0
-14693501.745928837	18759566.427757554	-15892649.932423808	-86400.0
769858.5662586652	505628.9040814545	18597542.079039697	-86400.0
-14839714.045077454	-4453746.957559875	15200411.120084267	-86400.0
-16672607.090869624	-17167266.683304373	-19429948.580170166	-86400.0
-4465004.4321961375	14216088.792431407	22045497.579089805	-86400.0
-15566266.917802867	11495652.207875386	20680068.18344892	-86400.0
-10837758.035326265	25271607.805651516	-7918759.143918725	-86400.0
-3231313.000644524	25176486.749637794	-3194713.815651059	-86400.0
16866694.2981636	-16456243.779487744	-18805769.216703627	-86400.0
-12748614.867372893	-7916061.882620446	-19575846.89531428	-86400.0
-21936853.3859044	-21062069.295296345	-8511335.969390111	-86400.0
2727388.092909664	16670667.896723919	-14075247.880670536	-86400.0
24540401.48007437	7631542.0590964435	-1549255.4806152484	-86400.0
-18864509.82514605	3978294.6971117966	13170149.108782317	-86400.0
-18584504.80731428	17138104.484545536	1626340.5517806166	-86400.0
15737146.5318633	16125644.419113502	-19275857.835472718	-86400.0
-20257836.7272682	21674648.25734637	-5933402.579376396	-86400.0
-14526010.696779285	16897505.92219916	18943455.997680776	-86400.0
-6334143.560115381	11807315.453126386	17075652.925739907	-86400.0
-13263425.339408083	-978664.9581556409	-21522907.16410632	-86400.0
171079.10099846963	22683347.217507385	8102655.262954485	-86400.0
-10912493.71458435	-25412469.040981784	-2537714.9761377713	-86400.0
-10103151.380333621	11984577.219492063	-10882447.3660527	-86400.0
-13586019.126101332	-24691604.225818813	-9815425.146052219	-86400.0
-1675003.542714734	13505220.876520367	21845004.339141905	-86400.0
-16263852.753187511	17512027.54296522	-18039358.362939794	-86400.0
-15825961.60788717	9320624.05242018	-21077429.79461652	-86400.0
1501737.768066747	1503720.848143421	18007628.26763539	-86400.0
25634161.66214143	-6641337.721751903	-817581.7883477053	-86400.0
-10669406.868195541	-8928522.517381776	11947311.144939002	-86400.0
-12304768.467859998	23766958.75730789	11269026.195189979	-86400.0
16909703.206635132	17240054.850582335	-20140237.696875326	-86400.0
-8329015.643461056	-7360274.624680737	21891992.635547344	-86400.0
3837662.5383779556	120880.60289720818	-16974119.986996926	-86400.0
3258434.7720877025	20363297.631372735	11227609.505602632	-86400.0
-5579918.604550248	25934808.745746907	100803.28225616852	-86400.0
9907301.15002396	10884959.953348756	18428580.381945077	-86400.0
-17610820.288639862	16469571.325305551	-18457473.467048787	-86400.0
8412583.327444	-8343976.781419956	-19065648.654286157	-86400.0
-1676076.9554221826	840343.3678963184	-19508822.279432677	-86400.0
8973535.199654954	-25224668.52498025	-333893.83714961563	-86400.0
4824497.206774944	15184444.744155664	21733028.570508696	-86400.0
7772254.79687325	25077312.852050208	-698019.4330807979	-86400.0
-134152.0342116654	19394487.09393259	-10462524.09342043	-86400.0
-14363149.301013926	-5209393.881790003	21959806.97792296	-86400.0
-13283095.742363045	-16092605.681021964	-19137148.937143635	-86400.0
22963227.353017613	14706410.48028469	-13396290.71340903	-86400.0
-12071253.803096345	13675469.891733231	-8762194.843578376	-86400.0
-19441069.752031803	612609.5601021424	-11784724.593416147	-86400.0
-10908095.771122947	11198188.70548003	-21551172.53811676	-86400.0
13972421.425631177	22519656.89899598	-13421757.102663249	-86400.0
-5449645.14259681	25380433.981455464	1070353.8439244367	-86400.0
-11699405.172563612	9412817.904113725	18139973.850076225	-86400.0
18750305.690415394	18708767.658822283	-18898992.215729192	-86400.0
-281589.177881388	1722547.9303400246	19109396.59606537	-86400.0
-10675640.07161435	-11842522.02531059	-21344507.331029292	-86400.0
-13445869.775951795	22478988.02337487	13145445.535870735	-86400.0
-13398179.7360433	-13594089.637743758	-8462680.693911154	-86400.0
-20618401.9618884	653880.6249713507	-9703946.693387182	-86400.0
1227476.4455211041	20028538.591196444	10711683.91486143	-86400.0
-3285967.3452190133	14560616.546985429	-22608424.034341685	-86400.0
17945020.84293132	19863407.63031464	-496711.9506325655	-86400.0
20338821.363738537	21261240.80996619	15099674.67824255	-86400.0
8897798.886857556	12068791.409621079	-18022747.201695126	-86400.0
6903649.64262815	24818998.49401517	1813336.0332192392	-86400.0
-19729086.374744616	-19846845.164723746	17024635.88155606	-86400.0
-8441897.085731678	9480280.000769587	-18393134.56106681	-86400.0
8682624.408873076	-8007608.963602635	18870356.010368403	-86400.0
16457536.659686685	15642757.970425945	18379066.280489888	-86400.0
-22663671.990320385	-4383535.687765913	6201578.363189043	-86400.0
-116442.18161622202	13149534.929284725	-22082640.41369155	-86400.0
-15271333.661680229	-7969882.171063124	21603007.19209075	-86400.0
-1970040.2968715	20112341.319472805	-10946635.456319615	-86400.0
11440533.542699238	-9772137.65430376	-11809583.206259578	-86400.0
14351420.575376663	24926406.880567648	-8684981.638519483	-86400.0
-21123295.74801291	21982402.012808822	12084608.958623508	-86400.0
16562634.50657521	11978197.383657705	20632271.634567127	-86400.0
325505.29048649967	1494835.4421152659	-19495018.09591794	-172800.0
-18177903.82467384	-18195008.210857403	-19285594.99584114	-172800.0
-10042741.631370543	-10174581.961574618	19184990.314375088	-172800.0
-22123611.877168942	-20124405.916864097	-5889055.2340679355	-172800.0
-11146797.218380276	-6856424.112334739	-12717816.854264203	-86400.0
-9495324.97377996	15541641.388338104	21180888.07403311	-172800.0
16988305.520415533	4794996.428567191	-14766421.855578486	-172800.0
-10917197.629720025	-10310487.845747095	-21534876.450068463	-172800.0
-13441043.802436605	24442655.79020284	-9693771.131053487	-172800.0
4633738.083459455	18674766.472975634	-12985627.78501026	-172800.0
12242510.256994221	627235.7210149602	21685521.20118242	-172800.0
