----------------------------------COORIDINATES-----------------------------------
	X			Y			Z		   t   
-15154148.743113328	-10218477.840871248	-21149325.37312452	86400.0
-13251956.667746883	12264888.868906211	18316465.52391541	86400.0
-13770489.038222462	-23374750.29133092	874526.5072384129	86400.0
8218697.507988775	15468110.201669186	-21026379.414315738	86400.0
-10389709.722711273	-25308650.23771517	-1793700.4192651496	86400.0
20390354.218965266	12194547.053134736	-14935450.429973839	86400.0
-20051601.412192605	22183999.8658735	-11919852.960573144	86400.0
87712.18127006479	14749514.343498353	13287837.779925944	86400.0
19832099.256821267	-21735719.003908724	5112580.268889112	86400.0
9686666.463793177	-11349498.372414969	11426400.43489304	86400.0
-16605368.63477241	-23356212.530477043	-12668912.989014287	86400.0
2469032.944533202	6894384.750534797	-17014953.17647913	86400.0
12421499.049956163	-10669279.337223262	22048380.976518944	86400.0
5376729.493117295	-4614824.03358229	17950860.61356383	86400.0
-15944841.642450865	-9320112.764440939	9199087.290791873	86400.0
-2802827.004094516	26141321.570796564	2804807.447362898	86400.0
-5003158.9073490845	-6940666.671838121	-19041125.407640092	86400.0
-21082231.079288743	8175238.291724253	5424071.530886186	86400.0
-4250899.929351531	-553782.8662972171	18226143.114481173	86400.0
4387335.607180998	20516060.987544946	12199044.541530795	86400.0
-12156554.23959523	24272747.869602855	10517353.893776927	86400.0
-12147974.953132402	-14907721.402349083	21237008.70050775	86400.0
15586534.445844362	-10769988.546671174	21221931.727806825	86400.0
-21275493.646548133	-12979173.059212903	-2361388.431979703	86400.0
-12702298.80764577	-13929853.686006818	18554526.54779962	86400.0
-1206910.5209168359	14506262.277862336	21987520.12758691	86400.0
-8415383.960805263	1274173.0946213854	19689563.174897972	86400.0
-19044718.469640464	21051871.5145934	-15479332.881450662	86400.0
-10635064.66589868	14125491.64192233	-19576968.42659824	86400.0
13041341.903537003	14970827.07672401	20252006.439933732	86400.0
-2179668.6044554776	-19840234.552833434	9962053.19151761	86400.0
-14185694.00183194	-4139640.2715123165	21819552.74030462	86400.0
25252150.39304142	7683575.326821297	-7746923.1149527645	86400.0
-14278971.472716825	21685991.888943415	-653470.6003503262	86400.0
-2818453.4895123616	-5228833.223605645	-18218366.37183279	86400.0
-20758637.92778112	6600583.258711379	-12593416.88495718	86400.0
-16520964.709918179	-24104110.849674158	10902899.638882838	86400.0
-26253785.843681373	-814649.7775138139	2147004.285230881	86400.0
-22858138.19415998	13100896.675550073	295762.3353366452	86400.0
20857858.915605955	19288183.500087537	-16384121.064703604	86400.0
-16008103.858808566	697237.2953223456	-12960816.446253385	86400.0
-15834633.43028284	17271306.953918286	19797078.24169404	86400.0
-2268304.273067731	26447758.994056407	-1030790.3982438659	86400.0
-14147509.699583264	14372861.29023653	18366214.946964487	86400.0
6949429.96839275	5320319.886286429	-17977305.27915151	86400.0
8185139.451095788	10492913.223439965	22078367.02340202	86400.0
-4058072.4057961865	12831532.511450494	-21676708.655010592	86400.0
-14370358.79716196	-7127789.462513945	-10854418.845712177	86400.0
-18053628.755109955	-14611111.478054311	-4296805.273254418	86400.0
-23206792.66421453	-18149044.258890525	-5772357.687855638	86400.0
8838940.621522464	15830353.73965831	-16245144.75676685	86400.0
18715598.9024501	-18684530.955132563	18310145.534008097	86400.0
-17958141.31713131	8592693.780767415	15484271.070999574	86400.0
6801244.77185324	22491674.22864597	4751186.717648048	86400.0
-14964476.88998345	22625451.813463207	-1058990.3163232082	86400.0
-7312093.506358127	3699829.2864589775	-18972919.934738614	86400.0
17977728.285286367	17798069.646877937	-18694745.312365934	86400.0
-8885146.280103961	15890230.160477284	9045150.6917375	86400.0
-6244886.397100709	12662584.822920464	-20733668.2899508	86400.0
1393565.977631822	15223379.93081565	-21739855.643722303	86400.0
-19060455.303789992	23052234.11556249	9063857.307082985	86400.0
-25459221.97500024	1212044.6406117482	5121708.650563983	86400.0
1297663.6850953102	5602685.552562884	-17602361.626353014	86400.0
-41442.32453440782	10383505.315563856	21339779.61272579	86400.0
-2777438.2728496725	-6894743.818178653	20916315.980314106	86400.0
-14680058.590305539	11860260.71461124	-18825494.37828935	86400.0
-19966437.141066108	-18869840.554491438	-16693831.771169119	86400.0
-14904193.305825252	3593292.073217329	21808965.806919027	86400.0
-10937352.150113078	22179182.855575264	-12758360.161166674	86400.0
12059250.37777711	5183480.167017069	-16805099.909826268	86400.0
-3853881.8880005707	26389695.43081882	2370953.987010576	86400.0
-17708297.88874606	2740792.834115465	10811399.034116266	86400.0
-22693610.30109483	-17308289.526781276	-3273002.1207928257	86400.0
12915492.790324997	-16251189.800641108	-20961963.0454862	86400.0
-23588526.332862213	-237014.58965849504	6621247.740457814	86400.0
1680623.3159162644	22563082.479574945	-9156454.68835378	86400.0
-11972944.499037389	-15690247.091942798	-16870343.575325374	86400.0
-15607475.730036277	9953723.652326122	17095002.237791456	86400.0
-11556993.496226594	18554599.187561713	-5790612.3839241015	86400.0
-952731.010158062	16909304.36702781	13121236.17000704	86400.0
19564171.90299465	13348057.415432386	-16046486.001732057	86400.0
-10599608.552052144	17316044.657187782	20680080.698633354	86400.0
-8183259.756645425	3510289.320755766	19922272.78951895	86400.0
-18732389.421063624	21640879.47309593	-3776299.357074958	86400.0
-14990158.404135024	-8991267.70790596	-21612397.395118177	86400.0
10236047.520564497	22367410.444707006	-2783996.820962051	86400.0
-19481551.355370253	23146885.092955377	-10993761.278706891	86400.0
-13682343.996560942	-24991986.341519207	-4627418.7963583255	86400.0
-9145457.514984794	3900551.8317340137	-21100392.265511405	86400.0
-1694603.9771706313	8922040.886470396	-15687330.513631437	86400.0
4251962.731134951	-6517543.414206341	14765698.43447822	86400.0
-11991085.542621234	-13325024.071620809	21914038.723760214	86400.0
2673972.959298985	9054056.575271843	20559641.828298155	86400.0
-5916279.477178974	25892123.335239824	5476733.698627991	86400.0
20072673.76675649	19139014.33262764	-17420001.57032254	86400.0
2389447.860189609	24767530.680750757	6257556.18432638	86400.0
-15491379.478394981	10816091.193127561	-20427961.72313573	86400.0
-12193738.758941712	19437545.619399544	15605569.109220056	86400.0
-7983217.382486702	-1184060.2939996272	16127913.327191954	86400.0
289444.6810336197	-7219468.075369615	-19554108.623509508	86400.0
9079090.83724399	18053791.989879552	15090363.57766618	86400.0
-13754336.96826366	16780990.886757754	-20771569.417209852	86400.0
-9476501.805178845	25924055.691147894	5384089.866784684	86400.0
-1033869.1361275986	7068215.749178354	16472848.29325715	86400.0
25309003.19675869	9783762.411403187	-8495746.880982496	86400.0
10161266.527126757	-128408.7610779386	-21135268.82429376	86400.0
-7065454.591488289	-21282705.280857604	5970185.466358782	86400.0
-1711535.7212117333	12445777.64095147	-14831073.591185741	86400.0
-16033101.056013875	-12622998.590083875	21149962.745871764	86400.0
-13271027.940589186	19799187.021862157	-3481836.324444715	86400.0
-17230136.44246723	-13025097.446378883	-16320966.246323384	86400.0
9482513.35876821	15211906.282919694	20712843.813372876	86400.0
-16592063.528427785	7143894.446490871	-16108583.946189536	86400.0
7647954.071745288	-4222935.887794262	20863175.64049744	86400.0
14464301.023680229	24765465.060000014	-8734854.323487222	86400.0
-16230797.457323227	-20667106.133953884	16238080.212077774	86400.0
1151493.1400036803	11429402.23009569	-21941513.176561806	86400.0
-13051665.959481515	899412.241620807	19966046.434759345	86400.0
-5900478.58047941	25923829.52468373	-4363167.2444852125	86400.0
21504417.929272868	19478695.689347528	-15612505.38966899	86400.0
3205476.15278453	8603612.272192992	21030006.71031917	86400.0
255604.99326236732	24673849.245554827	5647513.067247372	86400.0
-14360929.987363204	-16332923.55293174	-20601510.08512556	86400.0
17262740.84689294	14263580.505657455	4980283.196136996	86400.0
-13260371.477788854	17444667.326955836	17052497.989700682	86400.0
-11576202.598798938	-6454878.024979233	-13163714.878527489	86400.0
22071381.92447815	20940485.181897495	10695727.011591408	86400.0
8127022.360922737	18947787.926195227	-14473096.392328924	86400.0
12951311.172516827	-16615279.127044778	-6773777.154179607	86400.0
-21815631.267029025	-21102577.34929034	13610482.518420627	86400.0
-10149345.73871093	1200505.284096446	-20651792.532841947	86400.0
-3368890.9381459057	13284489.21114375	-15275359.461401058	86400.0
-6225727.291641186	-20748246.73170377	-7055336.404797919	86400.0
4322733.192066342	-12566031.538132118	21028406.400439724	86400.0
-20691648.619870514	2877431.700708599	11310023.776787149	86400.0
-16823274.575705692	-14986460.833029743	20194271.607554127	86400.0
4453313.922442375	15054757.058614714	-22246351.538974594	86400.0
19959084.912221156	12152211.52927765	15014211.52027619	86400.0
-14441039.75946545	-24446349.280730683	3484714.0815897323	86400.0
-19463046.311202206	20959766.052549403	16241094.336968435	86400.0
-18091650.328652143	-18158938.845267463	-18503197.342122063	86400.0
-10236919.169901965	4986852.303183427	21308899.722750857	86400.0
-13053329.331544772	21260685.188439865	-14312612.479860982	0.0
3703947.9992654943	23863789.38804951	-8195624.154905299	0.0
14368414.006028	15611503.089065008	20962866.353931736	0.0
3740176.234924161	8331838.700424427	-21339069.764751334	0.0
-8815273.023490038	-176026.61910629645	-16229640.093904717	0.0
-13874009.182660203	-4474047.675148615	15976495.504018122	0.0
-4955744.514024475	14569729.069342725	21973697.96873593	0.0
-22367356.69347368	-15291188.607913785	-590971.8133445746	0.0
19560669.935029004	-2078041.1824354492	-10258710.337955732	0.0
11107758.5498692	8926821.306184892	19995053.004308797	0.0
-14099517.169605058	-12380682.388505636	18871292.977672905	0.0
