----------------------------------COORIDINATES-----------------------------------
	X			Y			Z		   t   
13039689.822623782	18801536.792401455	4341983.682029115	0.0
12475452.94813505	12537924.366062824	-18863190.982267503	0.0
-18483433.810554847	20759803.102022324	-16102929.325384041	0.0
-1992968.066315459	6864132.767005501	17145772.172392026	0.0
-10041657.939244863	-22188016.23129408	3699960.0918606925	0.0
11229384.214800395	-18104695.363429084	6421370.338317951	0.0
23071562.917188678	6766457.313230146	-10621356.561573435	0.0
19101917.62076194	-23492852.719702832	10232273.377714662	0.0
-17362150.823375255	-24076879.077027638	-7896203.450153315	0.0
-9024994.84499323	15338231.224426227	20559727.972036086	0.0
446943.04986474663	14743785.41171668	-13240641.25673797	0.0
9658964.03122973	-3645513.3723166226	21725043.663056478	0.0
1536805.7144255107	-10784496.568718549	20152357.831527606	1.8189894035458565e-12
-21833158.551281027	14828905.820576582	-6380.877986795034	1.8189894035458565e-12
-16031287.429258768	-17519881.71849733	19720335.922250412	1.8189894035458565e-12
-797738.5988129126	6432997.123201697	20812875.94799443	0.0
-12083738.679592751	20220253.35650319	14955403.485715441	1.8189894035458565e-12
-3579062.5360124526	23616001.8051825	8020005.744490241	1.8189894035458565e-12
15001295.494643517	-2764920.801785225	22200303.996721312	1.8189894035458565e-12
-3910551.3580724085	-24862328.521411236	-7314956.36373178	1.8189894035458565e-12
-13752142.38658346	-1956200.5625910228	13806636.993739493	1.8189894035458565e-12
-8506876.638503265	120712.28129478544	-15933423.58687752	1.8189894035458565e-12
-20098703.19278118	-5821738.346247178	-7556492.762628108	1.8189894035458565e-12
-12613401.88882134	15690129.054605825	-21667906.625357036	1.8189894035458565e-12
-16441103.179436272	-9280137.284349116	15489612.828214688	0.0
-729458.9911251366	-13228278.062692514	-14630746.826469474	0.0
-17437408.61441406	16937912.013307206	-18688725.17372185	0.0
-15848012.488102153	-11768266.643651612	21191829.632460393	0.0
-11045550.686505107	-6801943.002079297	20995904.259803325	0.0
17040033.916584644	12066605.883996535	17344122.29733737	0.0
-6311741.01929248	16297986.550758898	-21214905.405245546	0.0
-894323.8104151376	-13272303.424074944	14449853.764620006	0.0
3445643.894568145	14731312.719830597	21868056.960489165	0.0
-14584794.221957972	24555270.241199214	4730173.269408275	0.0
-17552845.936994407	12054245.743466452	-16604700.597403776	0.0
-16950713.185869575	-23949250.969760828	5831762.185984661	0.0
-25163493.2983556	6185036.012354802	7492093.302655777	0.0
17533939.591382813	23371232.418485273	-12302439.790727533	0.0
-2973080.2146706213	24711991.89644191	-6439058.289623038	3.637978807091713e-12
-16674102.49926351	-7669863.006801997	-9404834.025022058	3.637978807091713e-12
22807861.85562996	-18580697.160347793	4912084.08431544	3.637978807091713e-12
23514171.732790135	17375179.126298025	-12511154.452739032	3.637978807091713e-12
-11662985.460928258	468614.3830439113	-15233339.117618723	3.637978807091713e-12
10152375.253254687	-2123483.302260598	-14491816.825048896	3.637978807091713e-12
11906158.447819373	14906740.222514726	21716892.773329824	0.0
-18163228.78956326	7985229.940749987	-8183042.7100477405	3.637978807091713e-12
-14407133.848383361	6513759.340346676	20547528.408783097	3.637978807091713e-12
-91494.82197055873	-7568168.760697825	20492595.383665632	3.637978807091713e-12
-23587097.880751975	-12903305.392481253	-359164.2548466792	3.637978807091713e-12
8145110.2891457165	21873241.328973547	-11995542.286107467	3.637978807091713e-12
-23676403.281102825	-17685643.72978089	-11703932.78692691	3.637978807091713e-12
-9946765.354150986	-4669201.099311487	-20645637.946107674	0.0
-1761194.0376600916	15109901.637801489	-21877259.977897353	0.0
-23793906.992124714	7852329.3848218275	10174607.819062287	0.0
-14238017.712156322	13156995.019457612	18871620.930412278	0.0
5545177.406812749	16882995.268186387	10032617.888512235	0.0
6168377.860150088	14576543.40616595	-21036106.375437256	0.0
-15148439.984683875	24692600.80223057	-6352402.1340871025	0.0
-10072950.017786039	21690249.85491001	3778531.235177812	0.0
-18016125.663660705	22472118.604326054	13715155.641543059	0.0
-926912.9208032992	13638184.395810563	-13763040.954339186	0.0
18470158.010074668	19610418.069240082	17750971.26429269	0.0
-4424799.490029529	24488060.61362134	7773752.742867966	0.0
15075233.31478335	-1847992.6410868727	-12838950.076645875	0.0
6847993.6858955845	12620816.428332228	-21858351.125063647	0.0
-3935921.222732626	-4398635.867689824	-19304976.774164647	0.0
-19587186.3990149	10134197.973835424	5715173.873878854	0.0
-15004036.36490815	3484116.051117233	-20495398.828270875	0.0
-14717041.927952358	-4830990.223739135	21588141.98632453	0.0
-11212335.099984612	16565456.441147758	-16713887.06042146	0.0
-22603274.68291029	-11498433.465575805	2155462.5667416696	0.0
1044653.5427170605	25802494.916562896	-3723489.6221471806	0.0
-11533111.422384681	-21707205.324173607	-13119277.48681189	0.0
-21686005.50868114	6895147.541773561	11285489.733895972	0.0
-18255739.577804144	23574233.962737262	-8955607.231243584	0.0
9002131.513896605	16791100.2122287	-7934066.201366161	0.0
-10598207.115021504	-4749967.651682309	21465332.671065588	0.0
-6593035.819211776	14905134.367549313	21206340.35230831	0.0
-2691499.8080689553	9376851.911423873	17249925.51632135	0.0
-12271948.299176233	23203465.166986745	-326673.32705195044	0.0
22633359.656019837	8225236.3719048165	-11795017.82068384	0.0
-18325641.797382716	21610672.566949546	-15355979.073537074	0.0
17075886.361322924	15520992.986358628	20348357.50386363	0.0
-11620770.970707892	13960431.410995271	19967072.646119557	0.0
-13399452.992442854	-22315351.211165115	859282.9745555889	0.0
-6657119.278873805	-4278703.378547883	-19200775.629839167	0.0
-3516972.8547051838	16282101.09159285	-11456590.059737856	0.0
22861254.172952466	18058465.728271104	-13574211.11670861	7.275957614183426e-12
-3807319.277725395	-12871162.256561678	-20882360.160600282	7.275957614183426e-12
-6278535.569904855	22936089.856249023	10521875.726512643	7.275957614183426e-12
6304033.087800381	-14185591.728140244	10682533.038886672	7.275957614183426e-12
-15837302.024916587	-16835190.757681135	20485342.93932528	7.275957614183426e-12
-12357748.245468367	12825658.00105509	18962479.879674293	7.275957614183426e-12
-4467852.994083083	6019790.936261632	19283539.118722565	7.275957614183426e-12
1707282.6354493797	26313916.195153207	865244.2840156901	7.275957614183426e-12
6473872.461345431	2657168.174406292	18002412.685810518	7.275957614183426e-12
8625529.825959634	23249829.071375415	10858418.866450408	0.0
-9752946.804474844	14312231.464359311	-21836938.308222596	7.275957614183426e-12
22142425.70924814	14363338.5621382	247199.97917276807	7.275957614183426e-12
12452973.180184444	7659609.28543827	-21916822.22407748	0.0
-5786923.274599311	-15224691.30410229	10898830.723611018	0.0
-12915723.076362051	12117971.332143087	-19466785.051682483	0.0
-3040847.446007652	14652481.134099105	12422106.242705297	0.0
18005042.79987353	18179429.429722566	-19018888.880095202	0.0
-9897115.355178434	23609183.32230003	10145456.076830864	0.0
-13753431.553279921	23756996.37403667	2007390.1382905897	0.0
13835802.012692314	12419677.85716051	18368647.529957924	0.0
-3925711.5714016845	4331773.333167852	-18240537.91733815	0.0
-20501791.152346432	-7601073.970046724	-12461945.293458007	0.0
4895897.119225586	3894836.8346492434	18829392.506800793	0.0
-14772846.038356997	-24097618.079654653	3504124.956038701	0.0
-17111791.684614673	-23567885.848827038	12015403.644923786	0.0
15652070.91103588	7248918.3563446	10148839.180517912	0.0
23820912.174156643	17453741.27459097	-11375280.700962542	0.0
7218240.468956599	13721404.031230029	21676332.318199147	0.0
-6331792.997022816	23474374.054882303	-9512361.391377827	0.0
5172675.272417561	6043248.796372416	-19981750.860697716	0.0
-14831351.744922593	-7393632.809941876	20507569.314999506	0.0
-443498.80485131626	26468546.476850417	220099.61463141048	0.0
-13372902.134510335	10306327.97892611	19906046.175735798	0.0
-8834230.03203688	1018504.0405537654	-17166793.906387355	0.0
-18045170.136854228	-18069264.20129304	-18529451.171300266	0.0
23232683.390953198	17791053.435255483	5553190.200473539	0.0
7757143.335861369	23806875.27074486	-10069049.14159776	0.0
13805902.901043093	15985629.89105696	-17555379.586457644	0.0
-431424.18605263665	-14623655.579149643	21846512.15111457	0.0
-12393794.788414817	-6790095.739136707	-21603246.990627676	0.0
13666646.028944986	-21823632.722663794	-1326948.4490501026	0.0
-5331998.451592045	5273460.345045083	-18583752.336741164	0.0
18599776.31307014	19875448.831330247	-17521029.140047207	0.0
-14102881.454594947	-21027882.90632037	-1975532.3984586778	0.0
-4987151.655093855	-14574762.901025567	-11862427.502509655	0.0
-17737763.43424249	9135652.326374453	15625454.697655836	0.0
8917669.968867073	14237190.7471311	-21102195.13825582	0.0
-19692922.942311496	-21776786.80590796	-15226635.775813902	0.0
-7729325.511570028	-3222135.1226502387	19706386.827377576	0.0
-16840332.240248732	2524669.470373282	11764478.826457534	-86400.0
3023216.7925736783	26278232.132593535	-2873420.2663980173	-86400.0
-12837041.832823819	15492239.021790167	-18000541.27546902	-86400.0
17880655.253171284	18268264.23421747	19043892.35615757	-86400.0
-21717211.339551978	-8710206.63678764	4736465.249234832	-86400.0
-5402253.848661271	6876592.607569712	-19341256.625743683	-86400.0
7613619.079257153	13385184.861504579	-21908171.23392906	-86400.0
-524183.5877631614	10900197.971668877	21400721.303302515	-86400.0
-21133312.963274565	9193808.691981895	5126891.974939114	-86400.0
10509631.122990532	16411274.798364198	17057637.322035618	-86400.0
-13969981.52271048	-19100414.511768177	15884359.340295194	-86400.0
14713400.251770934	4235208.334210244	21649213.110772014	-86400.0
