----------------------------------COORIDINATES-----------------------------------
	X			Y			Z		   t   
19831724.018455353	-21735747.9138209	5112855.659648452	-86400.0
-20051985.408669207	22183766.245953187	-11918382.83914769	-86400.0
87506.48317460902	14749619.083686795	13287781.843881426	-86400.0
8218785.869336615	15468202.97381339	-21026340.723981146	-86400.0
-15152982.500864567	-10214907.546267595	-21149863.64750102	-86400.0
-10389938.428192213	-25308627.434633374	-1793356.0234066043	-86400.0
-13770407.34736093	-23374657.235583164	873616.5007726359	-86400.0
-13252945.196062159	12265141.46698632	18316198.47615442	-86400.0
20390222.28920279	12194585.900159221	-14935928.594479728	-86400.0
9685546.2689045	-11348596.199904889	11427212.405210909	-86400.0
-16605366.68210484	-23356410.234256353	-12668822.879603533	-86400.0
2470500.5751569457	6893467.865784956	-17015391.871404354	-86400.0
12393425.584416807	-10611218.651712228	22051679.26080812	-86400.0
15586201.656237856	-10768440.804951943	21222431.773953926	-86400.0
-12147717.30132721	-14907510.780118423	21237088.621650822	-86400.0
-21081466.26534824	8174261.386962754	5425770.215678307	-86400.0
-2802327.843488868	26141534.751942195	2803072.410291398	-86400.0
4380080.9975061985	20568374.915623754	12155763.449145388	-86400.0
-4251486.056184528	-553859.1675994992	18226080.93994044	-86400.0
5377111.627451671	-4614902.019049498	17950714.3674701	-86400.0
-12156667.889558777	24272561.31297557	10517110.858446253	-86400.0
-15945404.098589646	-9319638.884590706	9199238.63423015	-86400.0
-5001213.975721695	-6942112.522651266	-19041640.431067735	-86400.0
-21275497.291356526	-12977762.742455736	-2362271.638854319	-86400.0
-14278720.508847618	21685014.537364874	-654433.2612519567	-86400.0
-14186073.300841736	-4140232.3254312025	21819184.988922406	-86400.0
25251967.716136925	7683065.148866052	-7746727.208030561	-86400.0
-19045256.425945576	21052521.626884375	-15478014.800871605	-86400.0
-2189853.180523226	-19894507.939483773	9915704.193157306	-86400.0
-12701077.355938854	-13929844.954380907	18555125.203702282	-86400.0
13040349.910380581	14971156.416593002	20252082.456670705	-86400.0
-8415273.71608399	1274526.3217637474	19689164.03687013	-86400.0
-10634990.744908739	14126827.154340986	-19577614.52233607	-86400.0
-1208651.2537399007	14506445.539588459	21987212.00770453	-86400.0
-2819305.078593108	-5231658.597700952	-18217912.10598383	-86400.0
-20759254.351239547	6601088.470146466	-12593338.036436707	-86400.0
-26254355.859680023	-814796.7740354382	2146425.7935112896	-86400.0
-16521126.3359446	-24104279.983309746	10902990.29517977	-86400.0
-14147497.789598646	14372917.880966244	18366034.1729619	-86400.0
-2268164.094145222	26447964.686673224	-1029986.5136579492	-86400.0
8185452.590566233	10492894.806237344	22078252.645460732	-86400.0
-22857664.974573545	13100442.969615867	296110.833168239	-86400.0
-14370640.682011655	-7127531.740450975	-10854179.70900588	-86400.0
-4059193.7954597715	12831622.771782218	-21676839.533313252	-86400.0
20858163.57558787	19287941.401820436	-16383197.396594673	-86400.0
6948797.172496989	5318332.089821046	-17976967.696120698	-86400.0
-16007172.049580136	696562.9491711501	-12961223.601853205	-86400.0
-18054212.1213635	-14610814.978798853	-4296453.356808829	-86400.0
-23207011.736728456	-18148919.78197179	-5772015.883289465	-86400.0
8839577.567688394	15829079.086485028	-16245798.173181757	-86400.0
-21318968.5164755	-19518334.51084269	-15881354.739267904	-86400.0
17977700.85609251	17798959.790596355	-18694246.03956872	-86400.0
-6244472.90666884	12663436.24009818	-20733757.526738632	-86400.0
-7312387.545493513	3703645.698156367	-18972008.1532175	-86400.0
1393352.514914951	15223346.661754422	-21739565.740856968	-86400.0
-8884791.829667788	15889973.752581514	9045557.088025117	-86400.0
-14964510.027585702	22625055.493950855	-1058492.8758006322	-86400.0
-17959005.46924117	8592638.389753956	15483683.25528105	-86400.0
6800885.297484259	22491935.19865097	4750711.044126478	-86400.0
-19060489.66960846	23051968.021675717	9063330.561538363	-86400.0
-25459794.828355875	1211213.5668011876	5120576.948073853	-86400.0
1298506.203942174	5601596.487230082	-17602586.9239668	-86400.0
-3854135.5824393667	26389320.953669563	2371314.486432961	-86400.0
-19965377.891614277	-18869820.28155764	-16694853.67146977	-86400.0
12916094.818573887	-16251671.979451317	-20961455.39239659	-86400.0
12058445.553125842	5182852.580052973	-16805100.172267016	-86400.0
-14903978.978315728	3591608.798021995	21809092.080790706	-86400.0
-10937427.666237852	22178667.008617952	-12758893.472743932	-86400.0
-17708363.443631977	2741266.289790854	10811143.245338494	-86400.0
-14680377.849586453	11862293.42000697	-18825255.22805355	-86400.0
-42193.49796938896	10384136.523120712	21339546.176644314	-86400.0
-2777719.158627418	-6895200.5611080285	20916592.431519452	-86400.0
-23589134.533813335	-237230.31165173557	6620192.921548096	-86400.0
-22694061.85815813	-17308499.1565173	-3273657.7870406792	-86400.0
1686999.8028505044	22520208.30821629	-9203757.52170422	-86400.0
-11973143.903755466	-15691029.431330299	-16870129.673583124	-86400.0
-10599151.393562103	17315717.811060946	20680226.266127195	-86400.0
-8184525.133095026	3507822.2889360143	19923069.245995164	-86400.0
-15607977.791419335	9954024.373404017	17094706.268582523	-86400.0
-18732981.75276762	21640570.580108088	-3776802.5495545906	-86400.0
10235984.886915835	22367452.97378243	-2784022.998617731	-86400.0
-19491253.603391185	23146496.161241673	-10950514.800087437	-86400.0
-14990447.682212582	-8991951.120047845	-21612469.00594139	-86400.0
-953669.1345685581	16908695.594784074	13121838.636520766	-86400.0
19565153.524989493	13347017.145650156	-16045709.28282778	-86400.0
-11556460.383054152	18553657.58456774	-5791531.84272044	-86400.0
-13682341.526683975	-24991741.75287516	-4627274.803986383	-86400.0
-9145824.773648094	3899879.648008216	-21100025.523620006	-86400.0
-1693938.7684403583	8921014.454012316	-15687601.573583998	-86400.0
2389081.2093290123	24767626.16289221	6257347.98469958	-86400.0
-15491431.586285802	10817500.693440814	-20427845.714478124	-86400.0
4250898.685675213	-6518864.012434067	14765370.103738552	-86400.0
20073688.142715823	19139426.18520163	-17419222.794929277	-86400.0
289089.04144322686	-7218699.606162796	-19554009.462512236	-86400.0
-5916953.739137739	25891735.23725429	5477751.869198217	-86400.0
-12194354.814967794	19436945.80283991	15605882.098001938	-86400.0
-11992300.00287411	-13325927.958837468	21914088.51177339	-86400.0
-7982738.313994077	-1183751.3571578097	16128269.410197936	-86400.0
2672440.556568361	9055035.986593768	20559828.656706125	-86400.0
9084691.69091201	17994506.496361177	15125989.921808567	-86400.0
-13754909.153776418	16781295.204625454	-20771603.299546886	-86400.0
-1729457.2233888758	12375527.749228816	-14867191.601702636	-86400.0
10161851.108142767	-127132.08077847306	-21135433.0984031	-86400.0
-17230051.519958187	-13025893.937676482	-16321150.703118427	-86400.0
-9477620.68989769	25924083.461229905	5384719.17896219	-86400.0
-16033147.276109165	-12623171.829926398	21149828.77385964	-86400.0
-7064433.67270894	-21281987.52333203	5971486.63275398	-86400.0
-1033472.3882048279	7068471.840627186	16473128.716996478	-86400.0
25309298.452474773	9783203.996685583	-8495433.953607872	-86400.0
-13271452.369817501	19798834.95272205	-3481745.204027007	-86400.0
9482742.649569115	15212231.879251774	20712694.780216146	-86400.0
-16590509.06374734	7146633.402015148	-16110453.137599373	-86400.0
7648252.0540311225	-4223172.482997887	20863516.40052622	-86400.0
14463594.788333759	24765577.4727448	-8733863.779010098	-86400.0
-16231612.948370669	-20667814.56170086	16237714.16859404	-86400.0
-14360271.757696956	-16332049.381450845	-20601911.651526913	-86400.0
-11553313.009342715	-6381650.830523451	-13206967.608174546	-86400.0
-13051998.268527418	901806.2475640895	19965526.470645443	-86400.0
21504881.957322348	19478861.728975028	-15612146.691661818	-86400.0
262032.54784229212	24643411.103362177	5695923.492346735	-86400.0
3241279.2316967873	8660881.950265964	21042221.447866824	-86400.0
-5900630.015541602	25923846.642866094	-4362301.974447852	-86400.0
-13259900.566065628	17386666.855527397	17084331.296172846	-86400.0
1153285.8891969854	11427252.117870117	-21941077.967479922	-86400.0
17262552.51789131	14264094.857556026	4980242.734822979	-86400.0
22071388.298737757	20940723.08059522	10695284.456571406	-86400.0
8126533.436757124	18948160.309667837	-14472589.788539333	-86400.0
19958278.445653424	12153196.969916355	15015083.051516296	-86400.0
-20691779.09121721	2877783.6725984598	11310076.375195341	-86400.0
4410394.658919638	15050155.18139176	-22251042.892348874	-86400.0
-21815180.9720115	-21102940.02265254	13610830.642199514	-86400.0
-3368365.258460303	13285468.100951277	-15275039.286671372	-86400.0
-10148973.535518575	1201783.6335064834	-20651971.911557805	-86400.0
-6224724.127045762	-20747342.539153744	-7056662.650770263	-86400.0
-16807474.89740573	-14930379.948192623	20213371.25698777	-86400.0
4323662.886033289	-12565563.209048482	21028004.038533702	-86400.0
12951307.84434054	-16617107.641679434	-6773192.941588924	-86400.0
-14439452.522302805	-24427407.79574705	3433289.591183364	-86400.0
-19463293.422354765	20960175.36979893	16240697.944344377	-86400.0
-18091369.526426867	-18159085.561185583	-18503144.57347666	-86400.0
-10236587.463011244	4985993.19736241	21308487.587650415	-86400.0
-4958184.272230933	14570657.278225916	21973681.923008304	-172800.0
19559931.80404516	-2077168.308818399	-10260232.885135949	-172800.0
-22367664.391600456	-15290398.894793306	-590374.5741934613	-172800.0
14368529.385482403	15611456.740028406	20963148.244014412	-172800.0
3740986.8395578917	8332902.483435426	-21339717.988534167	-172800.0
-8401353.673288189	827846.1295836326	-16708661.451954542	-86400.0
-13873119.830387883	-4475105.249249414	15977619.214703476	-172800.0
-13054313.673592871	21262746.393839255	-14311347.599621609	-172800.0
3703350.4784632097	23864799.1282507	-8193985.147272957	-172800.0
11107006.59445278	8928149.101423992	19994570.337438516	-172800.0
-14099591.162558155	-12383796.019334795	18869685.172827333	-172800.0
