----------------------------------COORIDINATES-----------------------------------
	X			Y			Z		   t   
-4469918.803048638	15647583.007448727	21536284.254959665	259200.0
24813108.150240716	64726.042939519044	-5667257.428614465	259200.0
-17743947.28707778	-21939662.214103688	-2641096.715128465	259200.0
-16825224.51460027	16548871.326895826	-19270511.05618983	259200.0
-9101409.406329632	-16712495.138837554	8966155.523455	259200.0
-4728676.6145577645	-1354059.0148399454	19867854.403987534	259200.0
16168357.440366676	7265168.747756704	-15531978.160395425	259200.0
17992946.74659318	-22387380.35309618	14732055.562899133	259200.0
11627263.531377848	12244733.922281772	9285951.753236057	259200.0
12029094.25773362	-23004397.29430217	1023382.8171000805	259200.0
-994155.0822344013	21126503.775503803	-8635336.780232864	259200.0
7447004.261881596	4302452.2692024335	20101695.8525804	259200.0
20841598.47316133	22439677.861698426	-8854931.567579217	259200.0
-17971670.609661404	1685178.4946626574	-12274224.206791934	259200.0
-10653315.322379813	5020574.458439168	17585785.38019227	259200.0
-11233752.678867972	7852104.871388738	-11813930.948973369	259200.0
-4605524.273113205	18341276.638209276	12702457.536462191	259200.0
-12252775.739178631	13803200.18340837	18446839.562245563	259200.0
3264812.1331306067	11823403.100286312	22130932.97645588	259200.0
19686891.386641096	17187026.51986158	-16921722.515528437	259200.0
-21656418.788431164	19732882.51065594	-5448049.366742633	259200.0
-3645834.6713336296	-26472281.798551932	-2039761.99626688	259200.0
-2748972.963365643	-14812201.96630772	21109638.357723802	259200.0
-8939512.869133636	10752383.605221549	-21934260.315602165	259200.0
-1823713.5440958326	15627057.084422048	-21565190.707972437	259200.0
7947193.174885764	12243898.39313723	20424072.00666364	259200.0
-14495065.543264184	24470678.383262888	9826523.957676709	259200.0
-14058082.376758175	-13445810.418604888	20948113.910910383	259200.0
-17810126.471689656	-17589879.845240884	19228323.74683691	259200.0
-20348697.159726467	-6944627.436861779	-13361000.159015281	259200.0
771740.6287712036	-20030599.709583648	-10115876.904653111	259200.0
1071840.479887439	-5607739.461801908	18077697.66709417	259200.0
-19427619.32846372	-2818403.998693455	11470790.375480022	259200.0
-15937138.918818088	10353248.346328601	-20651417.928487804	259200.0
-13634468.235739652	15307056.718171464	-19574549.903998647	259200.0
-16908783.112390734	-20878909.46643653	402637.3423746846	259200.0
-22984222.49174308	12143685.491973516	12397504.109408673	259200.0
-18311885.015646793	-23595345.597582866	7533762.272060641	259200.0
-3688686.3120811107	-565758.3161527012	18017764.753040124	259200.0
12557933.553239765	-9882073.957245056	-10107487.661688318	259200.0
-15099579.001364663	-2054405.998629469	21429098.581881065	259200.0
-8096791.565259517	7309780.869836315	-18632438.958713982	259200.0
25458883.39171475	12887983.04311283	-7870293.95471977	259200.0
-14376337.023235776	-278744.38696427457	-13938861.203641113	259200.0
-3922267.7543802215	20021910.349352106	-11432078.923957536	259200.0
15785638.262528986	16830887.26369061	20043950.64724458	259200.0
22006101.61489158	-21784381.129628	9819236.632679444	259200.0
-19345380.62795085	14734905.132704547	-2895370.227310009	259200.0
-22991380.368930224	-6281644.344856918	5020026.628173341	259200.0
7710299.14277593	25332190.73928006	-6937119.303358613	259200.0
-25329410.086348746	-13385907.140525347	-6826642.539352879	259200.0
7932817.717445794	-10357822.38698744	-21627934.75148423	259200.0
-10645745.638832392	25040573.82226972	-1680177.7747500576	259200.0
-15003002.14908809	23673023.96410939	-11226877.978706567	259200.0
-16825431.784848906	19025424.76152605	17511988.419039663	259200.0
2835651.8832999733	14815593.003907252	-21716479.899822723	259200.0
-10626238.944767527	-11171882.079714568	18992325.54701587	259200.0
-13055007.980666703	-11856799.013697334	-20870719.371711157	259200.0
-21163071.91031744	13099012.04365677	14603940.74376286	259200.0
3587744.1942586405	9523720.486710805	14654841.693435472	259200.0
-9941891.09040393	15292923.495554587	21099268.78391062	259200.0
-2452826.0202041036	20327199.2848545	-9050029.431503104	259200.0
24459704.874052603	15355933.50901618	4821667.099725197	259200.0
-11867142.273463512	9043017.546185706	-19648143.015156314	259200.0
-15743868.67542621	-5235848.593210251	-20780344.767811846	259200.0
-18925582.122737523	12739207.110958872	15283177.969574258	259200.0
-15017098.724195682	-12699145.743477324	20026711.3810372	259200.0
-17178058.971948482	9224569.416863032	8103386.855335226	259200.0
-20455653.53995521	16592905.89759232	266656.4169461562	259200.0
11181080.656810118	15908928.031453352	-21382569.530686956	259200.0
-5203099.43774505	19727854.03413167	12662551.768845052	259200.0
-21515876.72894967	-4490654.758801747	7467144.597686306	259200.0
-7227490.299801251	2910821.263027435	-16072608.543903835	259200.0
546945.7711143319	26052734.76435743	2003406.8204824303	259200.0
-11269807.777445953	-25175949.2360986	-8542678.692318471	259200.0
-5126619.389668243	1158314.7303948058	20209397.806315176	259200.0
-17072001.609791778	17209436.5582775	-18717963.6382536	259200.0
-2761361.486127577	9946933.533404967	20504013.837536182	259200.0
-7155395.335444826	15411458.167488616	21624513.572537728	259200.0
-17395171.085670393	22585513.449913908	-13560817.617422007	259200.0
19323972.94953698	19746807.697069623	17804608.63589613	259200.0
-12442119.568986848	25228763.09347581	5151854.450880851	259200.0
24720311.545993164	1543254.0821132492	-6788903.773893009	259200.0
13484787.55166993	11857622.291684158	-21603118.972888328	259200.0
7056089.677385331	9476633.512580197	-12581660.780418739	259200.0
-12499192.272499166	-17087428.148529403	6293743.307923763	259200.0
-4737238.665791984	-12392727.7486705	-16102774.206921807	259200.0
-4673846.110156943	22085835.39902505	-6530085.011301823	259200.0
987811.3228375097	24767593.704031006	-4572659.7310372805	259200.0
19540793.11827904	17481247.743456036	-17705704.146845568	259200.0
7729792.071856118	-20543019.28279748	5964834.579339812	259200.0
-12958751.202133682	4805867.041778024	21123383.61085185	259200.0
-9541374.99093483	4830333.8213036675	-14314724.66003237	259200.0
24973294.515803516	14253908.992534105	-8847373.376094727	259200.0
-8205590.734796843	-16061884.614523645	-20858920.886532504	259200.0
-284089.8767910842	11666379.484501103	21200579.120424476	259200.0
-6901076.634288995	17457240.905108143	14912282.503279509	259200.0
8357301.452136252	25887405.973163262	5887805.184793497	259200.0
-5889947.823332167	9322781.184118401	-21590055.49289882	259200.0
-21518260.98673538	-7863721.823918139	-5739669.73556829	259200.0
-6753276.587964649	-3783519.2019830067	-20450649.87926672	259200.0
-10442920.52738998	18515803.173156958	14281835.063024713	259200.0
-22877116.66345722	-650537.2604532037	-7797250.266913287	259200.0
-13738635.317252647	24955450.952963144	7385173.175246886	259200.0
-4390382.204432391	20892894.796758473	7589906.407012251	259200.0
20029972.94537343	21181498.29093714	-15712629.458672127	259200.0
-3824742.737776949	-7769166.38500938	15152128.161547726	259200.0
15150828.868031487	13995644.072284026	-21368427.953190953	259200.0
-8660735.71814915	14826723.851509925	-21661659.51855998	259200.0
-17564261.73868853	-7251459.281358918	-14837900.229352457	259200.0
2745015.3015209297	12076668.614457732	15573607.791359125	259200.0
-14634491.093587566	-20688253.71793926	-1928116.4567968175	259200.0
17801464.06852937	23573845.767485447	-7059276.691684293	259200.0
17938059.75596298	17874774.997333553	19063763.224565938	259200.0
21389820.594714165	16869001.67996871	15279766.514588507	259200.0
-16940456.391549345	-14375602.042315539	19736312.967176657	259200.0
-5330590.834462219	7565528.959674339	-20106046.396050174	259200.0
-13932813.118238779	1998584.4084911072	21502982.805900455	259200.0
-6985026.9636748005	18328348.181543667	-14069690.673088724	259200.0
11390009.524274576	16285136.456454603	20992248.70242848	259200.0
13065971.721788283	-130068.96890149266	14668121.30189487	259200.0
8530740.704335697	-863293.6041568499	-16834849.488714404	259200.0
-1114951.5905089565	25159855.877151176	-5234462.995401386	259200.0
23548092.098674104	12406829.78735127	118650.70389172128	259200.0
7576144.119078316	26056403.89256109	-5057766.407133269	259200.0
13945744.421964642	21707973.59367824	-13933981.768721698	259200.0
13071928.606900383	10840802.062804086	-18707542.19318649	259200.0
-13978022.812247865	13566642.026126646	18959187.15176053	259200.0
-3047109.392145684	-7120478.247774861	-15972397.121343711	259200.0
-13133093.96279846	-15338504.485672385	-7222735.29073154	259200.0
20353323.09185692	22065555.769948497	-13749706.987075785	259200.0
-15059689.469933107	-13464088.959562056	-21202362.375204805	259200.0
-5229745.91071829	-13880825.54117498	21278823.731411614	259200.0
-13759700.420903467	24614488.151152425	-4201938.146886052	259200.0
-7917351.384061821	-2986701.105299037	-20732951.83746939	259200.0
-21118004.264020022	-22484105.66906903	-10996433.144816354	259200.0
5792199.055717405	11501040.192294475	-16830135.13095979	259200.0
14068943.083076846	-7875450.992541347	21979043.810749695	259200.0
-21697234.03843088	15499028.486023974	-310403.22314674285	172800.0
3476931.9452402405	5017522.342428794	19504544.659409214	172800.0
11709747.947862715	16031146.520296901	-21177043.66326351	172800.0
-1354426.7522118827	12313838.225366741	-21283334.09033587	172800.0
2362157.315172821	25589571.498346504	2628507.6484738803	172800.0
-10345197.165533874	-22110810.27321671	-13052716.888198292	172800.0
21155196.23696917	17983444.483118378	15897473.652935177	172800.0
-13008689.4981976	7867436.301473163	-20503226.535306815	172800.0
18814909.80206066	-9796705.17643277	-6827313.257729421	172800.0
-14069371.908863738	-23586817.12842795	11944054.253050392	172800.0
14981360.864803303	12179063.941662133	20180355.33753425	172800.0
