0.1875	
0.428571	0.1875	0.0714286	
0.526786	0.25	0.0982143	
0.428571	0.1875	0.0714286	
0.468687	0.245523	0.134615	0.0717852	0.0313131	
0.629225	0.378788	0.221154	0.121212	0.0534674	
0.669425	0.41925	0.25	0.138442	0.0613442	
0.629225	0.378788	0.221154	0.121212	0.0534674	
0.468687	0.245523	0.134615	0.0717851	0.0313131	
0.482587	0.269302	0.163568	0.102941	0.0643733	0.0376833	0.017413	
0.661046	0.431053	0.282028	0.183823	0.116869	0.0689469	0.0319688	
0.730543	0.511836	0.349669	0.233456	0.150331	0.0892668	0.0415154	
0.749292	0.536079	0.371354	0.25	0.161734	0.0962734	0.0448261	
0.730543	0.511836	0.349669	0.233456	0.150331	0.0892668	0.0415154	
0.661046	0.431053	0.282028	0.183823	0.116869	0.0689469	0.0319688	
0.482587	0.269302	0.163568	0.102941	0.0643733	0.0376833	0.017413	
0.488925	0.28091	0.178837	0.120344	0.0828866	0.0569988	0.0380273	0.0233065	0.011075	
0.67479	0.455876	0.314095	0.219651	0.154204	0.107081	0.071804	0.0441237	0.0209934	
0.75436	0.55371	0.402016	0.289963	0.207196	0.145318	0.0979839	0.0603909	0.028775	
0.788942	0.602586	0.450296	0.330988	0.239299	0.169012	0.114422	0.070681	0.0337157	
0.79882	0.617397	0.465596	0.344393	0.25	0.177009	0.120012	0.0741952	0.0354066	
0.788942	0.602586	0.450296	0.330988	0.239299	0.169012	0.114422	0.070681	0.0337157	
0.75436	0.55371	0.402016	0.289963	0.207196	0.145318	0.0979839	0.0603909	0.028775	
0.67479	0.455876	0.314095	0.219651	0.154204	0.107081	0.071804	0.0441237	0.0209934	
0.488925	0.28091	0.178837	0.120344	0.0828866	0.0569988	0.0380273	0.0233065	0.011075	
0.492336	0.287359	0.187696	0.130902	0.0945154	0.0692582	0.05073	0.0365494	0.0252623	0.0158807	0.00766352	
0.681987	0.469403	0.332521	0.241399	0.177901	0.131787	0.0971126	0.070205	0.0486193	0.0305971	0.0147733	
0.766209	0.575744	0.431587	0.32427	0.243904	0.182877	0.135728	0.098539	0.0684126	0.0431151	0.0208327	
0.807106	0.635778	0.493814	0.38019	0.290567	0.220087	0.164384	0.11981	0.083377	0.052618	0.0254424	
0.826435	0.666448	0.527701	0.412107	0.318088	0.242522	0.181911	0.132941	0.0926671	0.0585376	0.028319	
0.832188	0.675879	0.538433	0.422451	0.327157	0.25	0.187799	0.137373	0.0958134	0.0605462	0.029296	
0.826435	0.666448	0.527701	0.412107	0.318088	0.242522	0.181911	0.13294	0.0926671	0.0585376	0.028319	
0.807106	0.635778	0.493814	0.38019	0.290567	0.220087	0.164384	0.11981	0.083377	0.052618	0.0254424	
0.766209	0.575744	0.431587	0.32427	0.243904	0.182877	0.135728	0.098539	0.0684126	0.0431151	0.0208327	
0.681987	0.469403	0.332521	0.241399	0.177901	0.131787	0.0971126	0.070205	0.0486193	0.0305971	0.0147733	
0.492336	0.287359	0.187696	0.130902	0.0945154	0.0692581	0.05073	0.0365493	0.0252623	0.0158807	0.00766352	
0.494382	0.291292	0.193237	0.137706	0.102231	0.0775825	0.0594444	0.0455422	0.0345419	0.0255839	0.0180659	0.0115334	0.00561793	
0.686236	0.47755	0.34395	0.255357	0.193636	0.148655	0.114653	0.0881824	0.0670415	0.0497277	0.0351465	0.0224497	0.0109383	
0.773011	0.588722	0.449657	0.346136	0.2683	0.208747	0.16233	0.125493	0.0957141	0.071139	0.0503428	0.0321804	0.0156858	
0.817085	0.654672	0.51982	0.411228	0.324682	0.255703	0.200428	0.155745	0.119183	0.0887713	0.0629052	0.0402433	0.0196244	
0.840658	0.693059	0.563722	0.454276	0.363498	0.288954	0.227935	0.177875	0.136502	0.101858	0.0722633	0.0462631	0.0225686	
0.852488	0.713185	0.587732	0.478656	0.386078	0.308681	0.244484	0.191318	0.147092	0.109895	0.0780271	0.0499773	0.0243868	
0.85611	0.719462	0.595366	0.486539	0.393476	0.31521	0.25	0.195822	0.150653	0.112604	0.0799726	0.0512322	0.0250015	
0.852488	0.713185	0.587732	0.478656	0.386078	0.308681	0.244484	0.191318	0.147092	0.109895	0.0780271	0.0499773	0.0243868	
0.840658	0.693059	0.563722	0.454276	0.363498	0.288954	0.227935	0.177875	0.136502	0.101858	0.0722633	0.0462631	0.0225686	
0.817085	0.654672	0.51982	0.411228	0.324682	0.255703	0.200428	0.155745	0.119183	0.0887713	0.0629052	0.0402433	0.0196244	
0.773011	0.588722	0.449657	0.346136	0.2683	0.208747	0.16233	0.125493	0.0957141	0.071139	0.0503427	0.0321804	0.0156858	
0.686236	0.47755	0.34395	0.255357	0.193636	0.148655	0.114653	0.0881824	0.0670415	0.0497277	0.0351465	0.0224496	0.0109383	
0.494382	0.291292	0.193237	0.137706	0.102231	0.0775825	0.0594444	0.0455422	0.0345419	0.0255839	0.0180659	0.0115334	0.00561793	
0.495705	0.293863	0.196916	0.142313	0.107568	0.0834598	0.0656994	0.0520544	0.0412424	0.0324612	0.0251699	0.0189788	0.0135903	0.00876386	0.00429499	
0.688957	0.48283	0.351489	0.264768	0.2045	0.160572	0.127283	0.101276	0.0804541	0.0634326	0.0492395	0.037155	0.0266184	0.0171702	0.0084161	
0.777294	0.59701	0.461442	0.36077	0.285091	0.227044	0.181587	0.145311	0.115866	0.0915757	0.0712004	0.0537836	0.0385579	0.0248825	0.0121992	
0.82321	0.666474	0.536499	0.431779	0.348052	0.280925	0.226709	0.182516	0.146122	0.115804	0.0902028	0.0682209	0.0489472	0.0316028	0.0154981	
0.849071	0.709177	0.5863	0.481795	0.394414	0.321894	0.261808	0.211922	0.170302	0.135315	0.105586	0.0799499	0.0574074	0.0370832	0.0181906	
0.863898	0.734863	0.617731	0.514685	0.425913	0.35043	0.286708	0.233061	0.18785	0.149569	0.116876	0.0885853	0.0636492	0.0411319	0.0201812	
0.871656	0.748648	0.635075	0.533302	0.444124	0.367205	0.301532	0.245765	0.198468	0.158236	0.123764	0.0938659	0.0674721	0.0436141	0.0214023	
0.874077	0.752998	0.640618	0.539325	0.450077	0.372734	0.306449	0.25	0.202019	0.161142	0.126078	0.0956423	0.0687592	0.0444503	0.0218137	
0.871656	0.748648	0.635075	0.533302	0.444124	0.367205	0.301532	0.245765	0.198468	0.158236	0.123764	0.0938659	0.0674721	0.0436141	0.0214023	
0.863898	0.734863	0.617731	0.514685	0.425913	0.35043	0.286708	0.233061	0.18785	0.149569	0.116876	0.0885853	0.0636492	0.0411319	0.0201812	
0.849071	0.709177	0.5863	0.481794	0.394413	0.321894	0.261808	0.211922	0.170302	0.135315	0.105586	0.0799499	0.0574074	0.0370832	0.0181906	
0.82321	0.666474	0.536499	0.431779	0.348052	0.280925	0.226709	0.182516	0.146122	0.115804	0.0902028	0.0682209	0.0489472	0.0316028	0.0154981	
0.777294	0.59701	0.461442	0.36077	0.285091	0.227044	0.181587	0.145311	0.115866	0.0915757	0.0712004	0.0537835	0.0385579	0.0248825	0.0121992	
0.688957	0.48283	0.351489	0.264768	0.2045	0.160572	0.127283	0.101276	0.0804541	0.0634326	0.0492395	0.037155	0.0266183	0.0171702	0.00841609	
0.495705	0.293863	0.196916	0.142313	0.107568	0.0834598	0.0656994	0.0520544	0.0412424	0.0324612	0.0251699	0.0189788	0.0135902	0.00876386	0.00429499	
0.49661	0.295632	0.199476	0.145562	0.111391	0.0877381	0.0703222	0.0569271	0.0462934	0.0376461	0.0304745	0.0244211	0.0192221	0.0146731	0.0106086	0.00688867	0.00339017	
0.690807	0.486444	0.356709	0.271382	0.212264	0.169239	0.136623	0.111093	0.0906005	0.0738166	0.0598307	0.0479877	0.0377942	0.0288618	0.0208726	0.0135559	0.00667201	
0.780173	0.602627	0.469536	0.370991	0.297045	0.240331	0.19584	0.16022	0.131199	0.107189	0.087044	0.0699051	0.0551051	0.0421072	0.0304641	0.0197904	0.00974194	
0.827259	0.674356	0.547815	0.446002	0.364594	0.2992	0.246184	0.20275	0.166786	0.136697	0.111251	0.0894834	0.070614	0.0539977	0.0390862	0.0253997	0.0125053	
0.854507	0.719724	0.601366	0.500608	0.41613	0.345689	0.286947	0.237808	0.1965	0.16156	0.131781	0.106163	0.0838696	0.0641836	0.0464835	0.0302167	0.0148798	
0.871044	0.748669	0.637316	0.538933	0.453629	0.380479	0.318108	0.265036	0.219847	0.181261	0.148148	0.11952	0.0945175	0.0723834	0.0524473	0.0341041	0.0167969	
0.880999	0.76659	0.660298	0.564179	0.478975	0.40449	0.33997	0.284379	0.236591	0.19549	0.16003	0.129253	0.102297	0.0783853	0.0568181	0.0369555	0.0182038	
0.886364	0.776394	0.673106	0.57851	0.4936	0.418538	0.352902	0.295921	0.246647	0.204078	0.167227	0.135164	0.107031	0.0820431	0.0594844	0.0386959	0.0190628	
0.888061	0.779518	0.677221	0.583155	0.498378	0.423158	0.357179	0.299755	0.25	0.206948	0.169637	0.137147	0.10862	0.0832717	0.0603803	0.0392809	0.0193517	
0.886364	0.776394	0.673106	0.57851	0.4936	0.418538	0.352902	0.295921	0.246647	0.204078	0.167227	0.135164	0.107031	0.0820431	0.0594844	0.0386959	0.0190628	
0.880999	0.76659	0.660298	0.564179	0.478974	0.40449	0.33997	0.284379	0.236591	0.19549	0.16003	0.129253	0.102297	0.0783853	0.0568181	0.0369555	0.0182038	
0.871044	0.748669	0.637316	0.538933	0.453629	0.380479	0.318108	0.265036	0.219847	0.181261	0.148148	0.11952	0.0945175	0.0723834	0.0524473	0.0341041	0.0167969	
0.854507	0.719724	0.601366	0.500608	0.41613	0.345689	0.286947	0.237808	0.1965	0.16156	0.131781	0.106163	0.0838696	0.0641835	0.0464834	0.0302167	0.0148797	
0.827259	0.674356	0.547815	0.446002	0.364594	0.299199	0.246184	0.20275	0.166786	0.136697	0.111251	0.0894834	0.0706139	0.0539977	0.0390862	0.0253997	0.0125053	
0.780173	0.602627	0.469536	0.370991	0.297045	0.240331	0.19584	0.16022	0.131199	0.107189	0.0870439	0.069905	0.0551051	0.0421072	0.0304641	0.0197904	0.00974194	
0.690807	0.486444	0.356709	0.271382	0.212264	0.169239	0.136623	0.111093	0.0906005	0.0738166	0.0598307	0.0479877	0.0377942	0.0288617	0.0208726	0.0135559	0.006672	
0.49661	0.295632	0.199476	0.145562	0.111391	0.0877381	0.0703222	0.0569271	0.0462934	0.0376461	0.0304745	0.0244211	0.0192221	0.0146731	0.0106086	0.00688867	0.00339017	
0.497256	0.296902	0.201326	0.147933	0.114213	0.0909349	0.0738197	0.0606569	0.0501969	0.041678	0.0346052	0.0286379	0.0235307	0.019098	0.0151944	0.0117012	0.00851857	0.00555908	0.00274406	
0.692122	0.489026	0.360469	0.276194	0.217982	0.175707	0.143687	0.118611	0.0984526	0.0819101	0.0681047	0.0564159	0.0463867	0.0376669	0.0299783	0.023092	0.0168139	0.0109737	0.00541714	
0.782205	0.606613	0.475328	0.378391	0.305816	0.250224	0.206611	0.171647	0.143093	0.119405	0.0994876	0.0825344	0.0679334	0.0552047	0.0439597	0.0338746	0.0246715	0.0161047	0.00795079	
0.830084	0.679891	0.555842	0.456224	0.376668	0.312763	0.260885	0.218273	0.182866	0.15313	0.127906	0.106301	0.0876079	0.0712587	0.0567813	0.0437753	0.0318926	0.0208228	0.0102813	
0.858241	0.727026	0.611922	0.513998	0.431868	0.363273	0.305895	0.257693	0.216968	0.182343	0.152707	0.127154	0.104939	0.0854411	0.0681314	0.0525526	0.038301	0.0250126	0.0123517	
0.875854	0.75805	0.650824	0.555975	0.473535	0.402564	0.341731	0.289636	0.24497	0.206569	0.173424	0.144668	0.119553	0.0974353	0.0777507	0.0600027	0.043746	0.0285751	0.0141127	
0.887125	0.778497	0.67735	0.585544	0.503731	0.431719	0.368828	0.31415	0.266706	0.225538	0.189753	0.15854	0.131171	0.106996	0.0854335	0.0659614	0.0481054	0.0314291	0.015524	
0.894151	0.791461	0.694533	0.605122	0.524126	0.451751	0.387713	0.33143	0.282166	0.239124	0.20151	0.168569	0.139595	0.113944	0.0910259	0.0703039	0.051285	0.0335119	0.0165543	
0.898016	0.798663	0.7042	0.616283	0.535902	0.463446	0.398842	0.341693	0.291404	0.247281	0.208596	0.17463	0.144697	0.118159	0.0944223	0.0729435	0.0532188	0.0347791	0.0171813	
0.899252	0.800975	0.707321	0.61991	0.539751	0.46729	0.402517	0.345095	0.294475	0.25	0.210962	0.176657	0.146405	0.119571	0.0955611	0.073829	0.0538678	0.0352044	0.0173918	
0.898016	0.798663	0.7042	0.616283	0.535902	0.463446	0.398842	0.341693	0.291404	0.247281	0.208596	0.17463	0.144697	0.118159	0.0944223	0.0729435	0.0532188	0.0347791	0.0171813	
0.894151	0.791461	0.694533	0.605122	0.524126	0.451751	0.387713	0.33143	0.282166	0.239124	0.20151	0.168569	0.139595	0.113944	0.0910259	0.0703039	0.051285	0.0335119	0.0165543	
0.887125	0.778497	0.67735	0.585544	0.503731	0.431719	0.368828	0.31415	0.266706	0.225538	0.189753	0.15854	0.131171	0.106996	0.0854335	0.0659613	0.0481054	0.0314291	0.015524	
0.875854	0.75805	0.650824	0.555975	0.473535	0.402564	0.341731	0.289636	0.24497	0.206569	0.173424	0.144668	0.119553	0.0974352	0.0777507	0.0600026	0.043746	0.0285751	0.0141127	
0.858241	0.727026	0.611922	0.513998	0.431868	0.363273	0.305895	0.257693	0.216968	0.182343	0.152707	0.127153	0.104939	0.0854411	0.0681314	0.0525526	0.038301	0.0250126	0.0123517	
0.830084	0.679891	0.555842	0.456224	0.376668	0.312762	0.260885	0.218273	0.182866	0.15313	0.127906	0.1063	0.0876079	0.0712587	0.0567813	0.0437753	0.0318926	0.0208228	0.0102813	
0.782205	0.606613	0.475328	0.378391	0.305816	0.250224	0.206611	0.171647	0.143093	0.119405	0.0994876	0.0825343	0.0679334	0.0552047	0.0439597	0.0338746	0.0246715	0.0161047	0.00795079	
0.692122	0.489026	0.360469	0.276194	0.217982	0.175707	0.143687	0.118611	0.0984526	0.0819101	0.0681047	0.0564159	0.0463867	0.0376669	0.0299782	0.023092	0.0168139	0.0109737	0.00541714	
0.497256	0.296902	0.201326	0.147933	0.114213	0.0909349	0.0738197	0.0606568	0.0501969	0.041678	0.0346052	0.0286379	0.0235307	0.019098	0.0151944	0.0117012	0.00851856	0.00555908	0.00274405	
0.497733	0.297843	0.202705	0.149713	0.116349	0.0933783	0.07652	0.0635652	0.0532688	0.0448755	0.0378982	0.032006	0.0269634	0.022596	0.0187695	0.0153774	0.0123319	0.00955917	0.00699489	0.00458162	0.0022666	
0.69309	0.490935	0.363263	0.279798	0.222304	0.180644	0.149137	0.124472	0.104634	0.0883349	0.0747113	0.0631623	0.0532516	0.044651	0.0371048	0.030408	0.0243911	0.0189099	0.0138388	0.00906499	0.00448478	
0.783693	0.609543	0.479614	0.383911	0.312424	0.257759	0.21491	0.180552	0.152462	0.129118	0.10945	0.0926803	0.0782299	0.0656515	0.0545907	0.0447588	0.0359145	0.0278506	0.0203853	0.0133548	0.00660752	
0.832137	0.683931	0.561741	0.463807	0.385722	0.323059	0.272191	0.230364	0.195544	0.166226	0.141289	0.119879	0.101336	0.0851344	0.0708477	0.0581221	0.0466573	0.0361927	0.0264972	0.0173613	0.00859052	
0.860926	0.732302	0.619612	0.523854	0.4436	0.376564	0.320429	0.273171	0.233124	0.198954	0.1696	0.144212	0.122101	0.102702	0.0855435	0.0702247	0.0564	0.0437657	0.0320494	0.0210026	0.0103933	
0.879264	0.764741	0.660549	0.568398	0.488258	0.419166	0.359792	0.308766	0.264825	0.226866	0.193946	0.165268	0.140154	0.11803	0.0983994	0.080833	0.0649525	0.0504206	0.0369323	0.0242066	0.0119799	
0.89139	0.786847	0.689447	0.600929	0.52187	0.452051	0.390808	0.337276	0.290545	0.249738	0.214051	0.182758	0.155218	0.130863	0.109191	0.0897556	0.0721562	0.0560319	0.0410525	0.0269114	0.0133198	
0.899451	0.80181	0.709461	0.624002	0.546241	0.476361	0.414112	0.358985	0.31034	0.267492	0.22976	0.196495	0.167097	0.141014	0.117747	0.0968418	0.0778848	0.0604985	0.0443344	0.0290669	0.0143878	
0.904603	0.811479	0.722587	0.639376	0.562731	0.49304	0.430294	0.374211	0.324339	0.280131	0.241002	0.206366	0.17566	0.14835	0.123942	0.101979	0.0820426	0.0637429	0.0467196	0.030634	0.0151644	
0.907482	0.816917	0.730034	0.648182	0.572269	0.502773	0.439811	0.383227	0.332675	0.28769	0.24775	0.212309	0.180826	0.152783	0.12769	0.105092	0.0845633	0.0657109	0.048167	0.0315853	0.0156359	
0.908409	0.818673	0.732448	0.651051	0.57539	0.505972	0.442952	0.386212	0.335442	0.290205	0.249999	0.214292	0.182553	0.154266	0.128945	0.106134	0.0854078	0.0663704	0.0486521	0.0319042	0.015794	
0.907482	0.816917	0.730034	0.648182	0.572269	0.502773	0.439811	0.383227	0.332675	0.28769	0.24775	0.212309	0.180826	0.152783	0.12769	0.105092	0.0845633	0.0657109	0.0481669	0.0315853	0.0156359	
0.904603	0.811479	0.722587	0.639376	0.562731	0.49304	0.430294	0.374211	0.324339	0.280131	0.241002	0.206366	0.17566	0.14835	0.123942	0.101979	0.0820426	0.0637429	0.0467195	0.030634	0.0151644	
0.899451	0.80181	0.709461	0.624002	0.546241	0.476361	0.414112	0.358985	0.31034	0.267492	0.22976	0.196495	0.167097	0.141014	0.117747	0.0968418	0.0778847	0.0604985	0.0443343	0.0290669	0.0143878	
0.89139	0.786847	0.689446	0.600929	0.52187	0.452051	0.390808	0.337276	0.290545	0.249738	0.214051	0.182758	0.155218	0.130863	0.109191	0.0897556	0.0721562	0.0560319	0.0410525	0.0269114	0.0133198	
0.879264	0.764741	0.660549	0.568398	0.488258	0.419166	0.359792	0.308766	0.264825	0.226866	0.193946	0.165267	0.140154	0.11803	0.0983994	0.080833	0.0649524	0.0504206	0.0369323	0.0242066	0.0119799	
0.860926	0.732302	0.619612	0.523854	0.4436	0.376563	0.320429	0.273171	0.233123	0.198954	0.1696	0.144212	0.122101	0.102702	0.0855435	0.0702246	0.0564	0.0437657	0.0320494	0.0210026	0.0103933	
0.832137	0.683931	0.561741	0.463807	0.385722	0.323059	0.272191	0.230364	0.195544	0.166226	0.141289	0.119879	0.101336	0.0851344	0.0708476	0.0581221	0.0466573	0.0361927	0.0264972	0.0173613	0.00859051	
0.783693	0.609543	0.479614	0.383911	0.312424	0.257759	0.21491	0.180552	0.152462	0.129118	0.10945	0.0926803	0.0782299	0.0656515	0.0545907	0.0447588	0.0359144	0.0278506	0.0203853	0.0133548	0.00660751	
0.69309	0.490935	0.363263	0.279797	0.222304	0.180644	0.149136	0.124472	0.104634	0.0883348	0.0747112	0.0631623	0.0532516	0.044651	0.0371048	0.030408	0.0243911	0.0189099	0.0138388	0.00906498	0.00448477	
0.497733	0.297843	0.202705	0.149713	0.116349	0.0933783	0.07652	0.0635652	0.0532688	0.0448754	0.0378982	0.0320059	0.0269634	0.022596	0.0187695	0.0153774	0.0123319	0.00955917	0.00699489	0.00458162	0.0022666	
0.498096	0.29856	0.203759	0.151081	0.118002	0.0952833	0.0786423	0.0658701	0.055723	0.047449	0.0405653	0.0347461	0.0297619	0.0254446	0.0216669	0.0183292	0.0153513	0.012667	0.0102201	0.00796183	0.00584886	0.00384175	0.00190379	
0.693825	0.492386	0.365396	0.282563	0.225643	0.184489	0.153416	0.129115	0.109573	0.0935078	0.0800661	0.0686572	0.0588568	0.0503496	0.0428938	0.0362985	0.030409	0.0250966	0.0202515	0.0157784	0.0115918	0.00761434	0.00377343	
0.784816	0.611762	0.482874	0.388134	0.317517	0.263615	0.221417	0.187601	0.159946	0.136943	0.117534	0.10096	0.0866586	0.0742033	0.0632602	0.0535621	0.0448897	0.0370587	0.0299111	0.0233082	0.0171258	0.0112504	0.00557557	
0.833678	0.686972	0.566204	0.469582	0.392674	0.331037	0.281037	0.239924	0.205669	0.176784	0.152167	0.130989	0.112615	0.0965446	0.0823815	0.0698	0.0585289	0.0483376	0.0390261	0.0304176	0.0223529	0.0146856	0.0072785	
0.862925	0.736245	0.625389	0.531316	0.452562	0.386822	0.331772	0.285388	0.246021	0.212357	0.183362	0.158216	0.136265	0.116979	0.0999213	0.0847275	0.0710883	0.0587366	0.0474379	0.0369832	0.0271826	0.0178608	0.00885279	
0.881778	0.769691	0.667792	0.57773	0.499435	0.431917	0.373839	0.323837	0.280669	0.243261	0.210707	0.182248	0.157252	0.135185	0.115597	0.0981005	0.0823604	0.0680826	0.0550058	0.0428946	0.0315335	0.0207223	0.0102718	
0.894494	0.792952	0.698358	0.612377	0.535531	0.467572	0.407829	0.355452	0.309558	0.269312	0.233956	0.202818	0.175308	0.150913	0.129181	0.109717	0.09217	0.0762275	0.0616082	0.0480559	0.0353344	0.023223	0.0115122	
0.903246	0.809263	0.720311	0.637889	0.562739	0.495012	0.434454	0.380583	0.332799	0.290474	0.252987	0.219758	0.190251	0.163977	0.140498	0.119416	0.100375	0.0830493	0.0671437	0.0523864	0.0385252	0.0253231	0.0125542	
0.909229	0.820543	0.735736	0.656128	0.582526	0.515281	0.454394	0.399625	0.350582	0.306795	0.267762	0.232978	0.201959	0.174247	0.149417	0.127076	0.106864	0.0884511	0.0715308	0.0558209	0.041057	0.0269899	0.0133813	
0.913125	0.827944	0.745961	0.668361	0.595955	0.529192	0.468217	0.412941	0.36311	0.318364	0.278286	0.242433	0.21036	0.181635	0.155846	0.132606	0.111556	0.0923598	0.0747076	0.0583092	0.0428921	0.0281984	0.013981	
0.915328	0.832146	0.751803	0.675401	0.60374	0.537315	0.476341	0.420813	0.370551	0.325264	0.284585	0.248108	0.215414	0.186087	0.159726	0.135947	0.114392	0.0947248	0.0766308	0.0598161	0.0440037	0.0289306	0.0143445	
0.916041	0.833509	0.753703	0.677699	0.606291	0.539986	0.479021	0.423416	0.373019	0.327557	0.286682	0.249999	0.2171	0.187574	0.161023	0.137065	0.115341	0.0955164	0.0772747	0.0603207	0.044376	0.0291758	0.0144662	
0.915328	0.832146	0.751803	0.675401	0.60374	0.537315	0.476341	0.420813	0.370551	0.325264	0.284585	0.248108	0.215414	0.186087	0.159726	0.135947	0.114392	0.0947248	0.0766308	0.0598161	0.0440037	0.0289306	0.0143444	
0.913125	0.827944	0.745961	0.668361	0.595955	0.529192	0.468217	0.412941	0.36311	0.318364	0.278286	0.242433	0.21036	0.181635	0.155846	0.132606	0.111556	0.0923598	0.0747076	0.0583091	0.0428921	0.0281984	0.013981	
0.909228	0.820543	0.735736	0.656128	0.582526	0.515281	0.454394	0.399625	0.350582	0.306795	0.267762	0.232978	0.201959	0.174247	0.149417	0.127076	0.106864	0.0884511	0.0715308	0.0558208	0.041057	0.0269899	0.0133813	
0.903246	0.809263	0.720311	0.637889	0.562739	0.495012	0.434454	0.380583	0.332799	0.290473	0.252987	0.219758	0.190251	0.163977	0.140498	0.119416	0.100375	0.0830493	0.0671437	0.0523864	0.0385252	0.0253231	0.0125541	
0.894494	0.792952	0.698358	0.612377	0.535531	0.467572	0.407829	0.355452	0.309558	0.269312	0.233956	0.202818	0.175308	0.150913	0.129181	0.109717	0.09217	0.0762275	0.0616082	0.0480559	0.0353344	0.023223	0.0115122	
0.881778	0.769691	0.667792	0.57773	0.499435	0.431917	0.373839	0.323837	0.280669	0.243261	0.210707	0.182248	0.157252	0.135185	0.115597	0.0981005	0.0823603	0.0680825	0.0550058	0.0428946	0.0315335	0.0207223	0.0102718	
0.862925	0.736245	0.625389	0.531316	0.452562	0.386822	0.331771	0.285388	0.246021	0.212357	0.183362	0.158216	0.136265	0.116979	0.0999213	0.0847275	0.0710883	0.0587366	0.0474379	0.0369832	0.0271826	0.0178608	0.00885278	
0.833678	0.686972	0.566204	0.469582	0.392674	0.331037	0.281037	0.239924	0.205669	0.176784	0.152167	0.130989	0.112614	0.0965446	0.0823815	0.0698	0.0585289	0.0483375	0.039026	0.0304176	0.0223529	0.0146856	0.0072785	
0.784816	0.611762	0.482874	0.388134	0.317516	0.263615	0.221417	0.187601	0.159946	0.136943	0.117534	0.10096	0.0866586	0.0742032	0.0632601	0.0535621	0.0448897	0.0370587	0.0299111	0.0233082	0.0171258	0.0112503	0.00557557	
0.693824	0.492386	0.365396	0.282563	0.225643	0.184489	0.153416	0.129115	0.109573	0.0935078	0.0800661	0.0686572	0.0588568	0.0503496	0.0428938	0.0362985	0.030409	0.0250966	0.0202515	0.0157783	0.0115918	0.00761434	0.00377342	
0.498096	0.29856	0.203759	0.151081	0.118002	0.0952833	0.0786423	0.06587	0.055723	0.047449	0.0405653	0.0347461	0.0297619	0.0254446	0.0216669	0.0183292	0.0153513	0.012667	0.0102201	0.00796182	0.00584885	0.00384174	0.00190379	
0.1875	
0.428571	0.1875	0.0714286	
0.526786	0.25	0.0982143	
0.428571	0.1875	0.0714286	
0.468687	0.245523	0.134615	0.0717852	0.0313131	
0.629225	0.378788	0.221154	0.121212	0.0534674	
0.669425	0.41925	0.25	0.138442	0.0613442	
0.629225	0.378788	0.221154	0.121212	0.0534674	
0.468687	0.245523	0.134615	0.0717851	0.0313131	
0.482587	0.269302	0.163568	0.102941	0.0643733	0.0376833	0.017413	
0.661046	0.431053	0.282028	0.183823	0.116869	0.0689469	0.0319688	
0.730543	0.511836	0.349669	0.233456	0.150331	0.0892668	0.0415154	
0.749292	0.536079	0.371354	0.25	0.161734	0.0962734	0.0448261	
0.730543	0.511836	0.349669	0.233456	0.150331	0.0892668	0.0415154	
0.661046	0.431053	0.282028	0.183823	0.116869	0.0689469	0.0319688	
0.482587	0.269302	0.163568	0.102941	0.0643733	0.0376833	0.017413	
0.488925	0.28091	0.178837	0.120344	0.0828866	0.0569988	0.0380273	0.0233065	0.011075	
0.67479	0.455876	0.314095	0.219651	0.154204	0.107081	0.071804	0.0441237	0.0209934	
0.75436	0.55371	0.402016	0.289963	0.207196	0.145318	0.0979839	0.0603909	0.028775	
0.788942	0.602586	0.450296	0.330988	0.239299	0.169012	0.114422	0.070681	0.0337157	
0.79882	0.617397	0.465596	0.344393	0.25	0.177009	0.120012	0.0741952	0.0354066	
0.788942	0.602586	0.450296	0.330988	0.239299	0.169012	0.114422	0.070681	0.0337157	
0.75436	0.55371	0.402016	0.289963	0.207196	0.145318	0.0979839	0.0603909	0.028775	
0.67479	0.455876	0.314095	0.219651	0.154204	0.107081	0.071804	0.0441237	0.0209934	
0.488925	0.28091	0.178837	0.120344	0.0828866	0.0569988	0.0380273	0.0233065	0.011075	
0.1875	
0.428571	0.1875	0.0714286	
0.526786	0.25	0.0982143	
0.428571	0.1875	0.0714286	
0.468687	0.245523	0.134615	0.0717852	0.0313131	
0.629225	0.378788	0.221154	0.121212	0.0534674	
0.669425	0.41925	0.25	0.138442	0.0613442	
0.629225	0.378788	0.221154	0.121212	0.0534674	
0.468687	0.245523	0.134615	0.0717851	0.0313131	
0.482587	0.269302	0.163568	0.102941	0.0643733	0.0376833	0.017413	
0.661046	0.431053	0.282028	0.183823	0.116869	0.0689469	0.0319688	
0.730543	0.511836	0.349669	0.233456	0.150331	0.0892668	0.0415154	
0.749292	0.536079	0.371354	0.25	0.161734	0.0962734	0.0448261	
0.730543	0.511836	0.349669	0.233456	0.150331	0.0892668	0.0415154	
0.661046	0.431053	0.282028	0.183823	0.116869	0.0689469	0.0319688	
0.482587	0.269302	0.163568	0.102941	0.0643733	0.0376833	0.017413	
0.488925	0.28091	0.178837	0.120344	0.0828866	0.0569988	0.0380273	0.0233065	0.011075	
0.67479	0.455876	0.314095	0.219651	0.154204	0.107081	0.071804	0.0441237	0.0209934	
0.75436	0.55371	0.402016	0.289963	0.207196	0.145318	0.0979839	0.0603909	0.028775	
0.788942	0.602586	0.450296	0.330988	0.239299	0.169012	0.114422	0.070681	0.0337157	
0.79882	0.617397	0.465596	0.344393	0.25	0.177009	0.120012	0.0741952	0.0354066	
0.788942	0.602586	0.450296	0.330988	0.239299	0.169012	0.114422	0.070681	0.0337157	
0.75436	0.55371	0.402016	0.289963	0.207196	0.145318	0.0979839	0.0603909	0.028775	
0.67479	0.455876	0.314095	0.219651	0.154204	0.107081	0.071804	0.0441237	0.0209934	
0.488925	0.28091	0.178837	0.120344	0.0828866	0.0569988	0.0380273	0.0233065	0.011075	
0.166667	
0.428571	0.1875	0.0714286	
0.526786	0.25	0.0982143	
0.428571	0.1875	0.0714286	
0.468687	0.245523	0.134615	0.0717852	0.0313131	
0.629225	0.378788	0.221154	0.121212	0.0534674	
0.669425	0.41925	0.25	0.138442	0.0613442	
0.629225	0.378788	0.221154	0.121212	0.0534674	
0.468687	0.245523	0.134615	0.0717851	0.0313131	
0.482587	0.269302	0.163568	0.102941	0.0643733	0.0376833	0.017413	
0.661046	0.431053	0.282028	0.183823	0.116869	0.0689469	0.0319688	
0.730543	0.511836	0.349669	0.233456	0.150331	0.0892668	0.0415154	
0.749292	0.536079	0.371354	0.25	0.161734	0.0962734	0.0448261	
0.730543	0.511836	0.349669	0.233456	0.150331	0.0892668	0.0415154	
0.661046	0.431053	0.282028	0.183823	0.116869	0.0689469	0.0319688	
0.482587	0.269302	0.163568	0.102941	0.0643733	0.0376833	0.017413	
0.488925	0.28091	0.178837	0.120344	0.0828866	0.0569988	0.0380273	0.0233065	0.011075	
0.67479	0.455876	0.314095	0.219651	0.154204	0.107081	0.071804	0.0441237	0.0209934	
0.75436	0.55371	0.402016	0.289963	0.207196	0.145318	0.0979839	0.0603909	0.028775	
0.788942	0.602586	0.450296	0.330988	0.239299	0.169012	0.114422	0.070681	0.0337157	
0.79882	0.617397	0.465596	0.344393	0.25	0.177009	0.120012	0.0741952	0.0354066	
0.788942	0.602586	0.450296	0.330988	0.239299	0.169012	0.114422	0.070681	0.0337157	
0.75436	0.55371	0.402016	0.289963	0.207196	0.145318	0.0979839	0.0603909	0.028775	
0.67479	0.455876	0.314095	0.219651	0.154204	0.107081	0.071804	0.0441237	0.0209934	
0.488925	0.28091	0.178837	0.120344	0.0828866	0.0569988	0.0380273	0.0233065	0.011075	
0.166667	
0.428571	0.1875	0.0714286	
0.526786	0.25	0.0982143	
0.428571	0.1875	0.0714286	
0.468687	0.245523	0.134615	0.0717852	0.0313131	
0.629225	0.378788	0.221154	0.121212	0.0534674	
0.669425	0.41925	0.25	0.138442	0.0613442	
0.629225	0.378788	0.221154	0.121212	0.0534674	
0.468687	0.245523	0.134615	0.0717851	0.0313131	
0.482587	0.269302	0.163568	0.102941	0.0643733	0.0376833	0.017413	
0.661046	0.431053	0.282028	0.183823	0.116869	0.0689469	0.0319688	
0.730543	0.511836	0.349669	0.233456	0.150331	0.0892668	0.0415154	
0.749292	0.536079	0.371354	0.25	0.161734	0.0962734	0.0448261	
0.730543	0.511836	0.349669	0.233456	0.150331	0.0892668	0.0415154	
0.661046	0.431053	0.282028	0.183823	0.116869	0.0689469	0.0319688	
0.482587	0.269302	0.163568	0.102941	0.0643733	0.0376833	0.017413	
0.488925	0.28091	0.178837	0.120344	0.0828866	0.0569988	0.0380273	0.0233065	0.011075	
0.67479	0.455876	0.314095	0.219651	0.154204	0.107081	0.071804	0.0441237	0.0209934	
0.75436	0.55371	0.402016	0.289963	0.207196	0.145318	0.0979839	0.0603909	0.028775	
0.788942	0.602586	0.450296	0.330988	0.239299	0.169012	0.114422	0.070681	0.0337157	
0.79882	0.617397	0.465596	0.344393	0.25	0.177009	0.120012	0.0741952	0.0354066	
0.788942	0.602586	0.450296	0.330988	0.239299	0.169012	0.114422	0.070681	0.0337157	
0.75436	0.55371	0.402016	0.289963	0.207196	0.145318	0.0979839	0.0603909	0.028775	
0.67479	0.455876	0.314095	0.219651	0.154204	0.107081	0.071804	0.0441237	0.0209934	
0.488925	0.28091	0.178837	0.120344	0.0828866	0.0569988	0.0380273	0.0233065	0.011075	
0.166667	
0.428571	0.1875	0.0714286	
0.526786	0.25	0.0982143	
0.428571	0.1875	0.0714286	
0.468687	0.245523	0.134615	0.0717852	0.0313131	
0.629225	0.378788	0.221154	0.121212	0.0534674	
0.669425	0.41925	0.25	0.138442	0.0613442	
0.629225	0.378788	0.221154	0.121212	0.0534674	
0.468687	0.245523	0.134615	0.0717851	0.0313131	
0.482587	0.269302	0.163568	0.102941	0.0643733	0.0376833	0.017413	
0.661046	0.431053	0.282028	0.183823	0.116869	0.0689469	0.0319688	
0.730543	0.511836	0.349669	0.233456	0.150331	0.0892668	0.0415154	
0.749292	0.536079	0.371354	0.25	0.161734	0.0962734	0.0448261	
0.730543	0.511836	0.349669	0.233456	0.150331	0.0892668	0.0415154	
0.661046	0.431053	0.282028	0.183823	0.116869	0.0689469	0.0319688	
0.482587	0.269302	0.163568	0.102941	0.0643733	0.0376833	0.017413	
0.488925	0.28091	0.178837	0.120344	0.0828866	0.0569988	0.0380273	0.0233065	0.011075	
0.67479	0.455876	0.314095	0.219651	0.154204	0.107081	0.071804	0.0441237	0.0209934	
0.75436	0.55371	0.402016	0.289963	0.207196	0.145318	0.0979839	0.0603909	0.028775	
0.788942	0.602586	0.450296	0.330988	0.239299	0.169012	0.114422	0.070681	0.0337157	
0.79882	0.617397	0.465596	0.344393	0.25	0.177009	0.120012	0.0741952	0.0354066	
0.788942	0.602586	0.450296	0.330988	0.239299	0.169012	0.114422	0.070681	0.0337157	
0.75436	0.55371	0.402016	0.289963	0.207196	0.145318	0.0979839	0.0603909	0.028775	
0.67479	0.455876	0.314095	0.219651	0.154204	0.107081	0.071804	0.0441237	0.0209934	
0.488925	0.28091	0.178837	0.120344	0.0828866	0.0569988	0.0380273	0.0233065	0.011075	
0.166667	
0.428571	0.1875	0.0714286	
0.526786	0.25	0.0982143	
0.428571	0.1875	0.0714286	
0.468687	0.245523	0.134615	0.0717852	0.0313131	
0.629225	0.378788	0.221154	0.121212	0.0534674	
0.669425	0.41925	0.25	0.138442	0.0613442	
0.629225	0.378788	0.221154	0.121212	0.0534674	
0.468687	0.245523	0.134615	0.0717851	0.0313131	
0.482587	0.269302	0.163568	0.102941	0.0643733	0.0376833	0.017413	
0.661046	0.431053	0.282028	0.183823	0.116869	0.0689469	0.0319688	
0.730543	0.511836	0.349669	0.233456	0.150331	0.0892668	0.0415154	
0.749292	0.536079	0.371354	0.25	0.161734	0.0962734	0.0448261	
0.730543	0.511836	0.349669	0.233456	0.150331	0.0892668	0.0415154	
0.661046	0.431053	0.282028	0.183823	0.116869	0.0689469	0.0319688	
0.482587	0.269302	0.163568	0.102941	0.0643733	0.0376833	0.017413	
0.488925	0.28091	0.178837	0.120344	0.0828866	0.0569988	0.0380273	0.0233065	0.011075	
0.67479	0.455876	0.314095	0.219651	0.154204	0.107081	0.071804	0.0441237	0.0209934	
0.75436	0.55371	0.402016	0.289963	0.207196	0.145318	0.0979839	0.0603909	0.028775	
0.788942	0.602586	0.450296	0.330988	0.239299	0.169012	0.114422	0.070681	0.0337157	
0.79882	0.617397	0.465596	0.344393	0.25	0.177009	0.120012	0.0741952	0.0354066	
0.788942	0.602586	0.450296	0.330988	0.239299	0.169012	0.114422	0.070681	0.0337157	
0.75436	0.55371	0.402016	0.289963	0.207196	0.145318	0.0979839	0.0603909	0.028775	
0.67479	0.455876	0.314095	0.219651	0.154204	0.107081	0.071804	0.0441237	0.0209934	
0.488925	0.28091	0.178837	0.120344	0.0828866	0.0569988	0.0380273	0.0233065	0.011075	
0.166667	
0.428571	0.1875	0.0714286	
0.526786	0.25	0.0982143	
0.428571	0.1875	0.0714286	
0.468687	0.245523	0.134615	0.0717852	0.0313131	
0.629225	0.378788	0.221154	0.121212	0.0534674	
0.669425	0.41925	0.25	0.138442	0.0613442	
0.629225	0.378788	0.221154	0.121212	0.0534674	
0.468687	0.245523	0.134615	0.0717851	0.0313131	
0.482587	0.269302	0.163568	0.102941	0.0643733	0.0376833	0.017413	
0.661046	0.431053	0.282028	0.183823	0.116869	0.0689469	0.0319688	
0.730543	0.511836	0.349669	0.233456	0.150331	0.0892668	0.0415154	
0.749292	0.536079	0.371354	0.25	0.161734	0.0962734	0.0448261	
0.730543	0.511836	0.349669	0.233456	0.150331	0.0892668	0.0415154	
0.661046	0.431053	0.282028	0.183823	0.116869	0.0689469	0.0319688	
0.482587	0.269302	0.163568	0.102941	0.0643733	0.0376833	0.017413	
0.488925	0.28091	0.178837	0.120344	0.0828866	0.0569988	0.0380273	0.0233065	0.011075	
0.67479	0.455876	0.314095	0.219651	0.154204	0.107081	0.071804	0.0441237	0.0209934	
0.75436	0.55371	0.402016	0.289963	0.207196	0.145318	0.0979839	0.0603909	0.028775	
0.788942	0.602586	0.450296	0.330988	0.239299	0.169012	0.114422	0.070681	0.0337157	
0.79882	0.617397	0.465596	0.344393	0.25	0.177009	0.120012	0.0741952	0.0354066	
0.788942	0.602586	0.450296	0.330988	0.239299	0.169012	0.114422	0.070681	0.0337157	
0.75436	0.55371	0.402016	0.289963	0.207196	0.145318	0.0979839	0.0603909	0.028775	
0.67479	0.455876	0.314095	0.219651	0.154204	0.107081	0.071804	0.0441237	0.0209934	
0.488925	0.28091	0.178837	0.120344	0.0828866	0.0569988	0.0380273	0.0233065	0.011075	
0.166667	
0.428571	0.1875	0.0714286	
0.526786	0.25	0.0982143	
0.428571	0.1875	0.0714286	
0.468687	0.245523	0.134615	0.0717852	0.0313131	
0.629225	0.378788	0.221154	0.121212	0.0534674	
0.669425	0.41925	0.25	0.138442	0.0613442	
0.629225	0.378788	0.221154	0.121212	0.0534674	
0.468687	0.245523	0.134615	0.0717851	0.0313131	
0.482587	0.269302	0.163568	0.102941	0.0643733	0.0376833	0.017413	
0.661046	0.431053	0.282028	0.183823	0.116869	0.0689469	0.0319688	
0.730543	0.511836	0.349669	0.233456	0.150331	0.0892668	0.0415154	
0.749292	0.536079	0.371354	0.25	0.161734	0.0962734	0.0448261	
0.730543	0.511836	0.349669	0.233456	0.150331	0.0892668	0.0415154	
0.661046	0.431053	0.282028	0.183823	0.116869	0.0689469	0.0319688	
0.482587	0.269302	0.163568	0.102941	0.0643733	0.0376833	0.017413	
0.488925	0.28091	0.178837	0.120344	0.0828866	0.0569988	0.0380273	0.0233065	0.011075	
0.67479	0.455876	0.314095	0.219651	0.154204	0.107081	0.071804	0.0441237	0.0209934	
0.75436	0.55371	0.402016	0.289963	0.207196	0.145318	0.0979839	0.0603909	0.028775	
0.788942	0.602586	0.450296	0.330988	0.239299	0.169012	0.114422	0.070681	0.0337157	
0.79882	0.617397	0.465596	0.344393	0.25	0.177009	0.120012	0.0741952	0.0354066	
0.788942	0.602586	0.450296	0.330988	0.239299	0.169012	0.114422	0.070681	0.0337157	
0.75436	0.55371	0.402016	0.289963	0.207196	0.145318	0.0979839	0.0603909	0.028775	
0.67479	0.455876	0.314095	0.219651	0.154204	0.107081	0.071804	0.0441237	0.0209934	
0.488925	0.28091	0.178837	0.120344	0.0828866	0.0569988	0.0380273	0.0233065	0.011075	
0.166667	
0.428571	0.1875	0.0714286	
0.526786	0.25	0.0982143	
0.428571	0.1875	0.0714286	
0.468687	0.245523	0.134615	0.0717852	0.0313131	
0.629225	0.378788	0.221154	0.121212	0.0534674	
0.669425	0.41925	0.25	0.138442	0.0613442	
0.629225	0.378788	0.221154	0.121212	0.0534674	
0.468687	0.245523	0.134615	0.0717851	0.0313131	
0.482587	0.269302	0.163568	0.102941	0.0643733	0.0376833	0.017413	
0.661046	0.431053	0.282028	0.183823	0.116869	0.0689469	0.0319688	
0.730543	0.511836	0.349669	0.233456	0.150331	0.0892668	0.0415154	
0.749292	0.536079	0.371354	0.25	0.161734	0.0962734	0.0448261	
0.730543	0.511836	0.349669	0.233456	0.150331	0.0892668	0.0415154	
0.661046	0.431053	0.282028	0.183823	0.116869	0.0689469	0.0319688	
0.482587	0.269302	0.163568	0.102941	0.0643733	0.0376833	0.017413	
0.488925	0.28091	0.178837	0.120344	0.0828866	0.0569988	0.0380273	0.0233065	0.011075	
0.67479	0.455876	0.314095	0.219651	0.154204	0.107081	0.071804	0.0441237	0.0209934	
0.75436	0.55371	0.402016	0.289963	0.207196	0.145318	0.0979839	0.0603909	0.028775	
0.788942	0.602586	0.450296	0.330988	0.239299	0.169012	0.114422	0.070681	0.0337157	
0.79882	0.617397	0.465596	0.344393	0.25	0.177009	0.120012	0.0741952	0.0354066	
0.788942	0.602586	0.450296	0.330988	0.239299	0.169012	0.114422	0.070681	0.0337157	
0.75436	0.55371	0.402016	0.289963	0.207196	0.145318	0.0979839	0.0603909	0.028775	
0.67479	0.455876	0.314095	0.219651	0.154204	0.107081	0.071804	0.0441237	0.0209934	
0.488925	0.28091	0.178837	0.120344	0.0828866	0.0569988	0.0380273	0.0233065	0.011075	
0.166667	
0.428571	0.1875	0.0714286	
0.526786	0.25	0.0982143	
0.428571	0.1875	0.0714286	
0.468687	0.245523	0.134615	0.0717852	0.0313131	
0.629225	0.378788	0.221154	0.121212	0.0534674	
0.669425	0.41925	0.25	0.138442	0.0613442	
0.629225	0.378788	0.221154	0.121212	0.0534674	
0.468687	0.245523	0.134615	0.0717851	0.0313131	
0.482587	0.269302	0.163568	0.102941	0.0643733	0.0376833	0.017413	
0.661046	0.431053	0.282028	0.183823	0.116869	0.0689469	0.0319688	
0.730543	0.511836	0.349669	0.233456	0.150331	0.0892668	0.0415154	
0.749292	0.536079	0.371354	0.25	0.161734	0.0962734	0.0448261	
0.730543	0.511836	0.349669	0.233456	0.150331	0.0892668	0.0415154	
0.661046	0.431053	0.282028	0.183823	0.116869	0.0689469	0.0319688	
0.482587	0.269302	0.163568	0.102941	0.0643733	0.0376833	0.017413	
0.488925	0.28091	0.178837	0.120344	0.0828866	0.0569988	0.0380273	0.0233065	0.011075	
0.67479	0.455876	0.314095	0.219651	0.154204	0.107081	0.071804	0.0441237	0.0209934	
0.75436	0.55371	0.402016	0.289963	0.207196	0.145318	0.0979839	0.0603909	0.028775	
0.788942	0.602586	0.450296	0.330988	0.239299	0.169012	0.114422	0.070681	0.0337157	
0.79882	0.617397	0.465596	0.344393	0.25	0.177009	0.120012	0.0741952	0.0354066	
0.788942	0.602586	0.450296	0.330988	0.239299	0.169012	0.114422	0.070681	0.0337157	
0.75436	0.55371	0.402016	0.289963	0.207196	0.145318	0.0979839	0.0603909	0.028775	
0.67479	0.455876	0.314095	0.219651	0.154204	0.107081	0.071804	0.0441237	0.0209934	
0.488925	0.28091	0.178837	0.120344	0.0828866	0.0569988	0.0380273	0.0233065	0.011075	
0.166667	
0.428571	0.1875	0.0714286	
0.526786	0.25	0.0982143	
0.428571	0.1875	0.0714286	
0.468687	0.245523	0.134615	0.0717852	0.0313131	
0.629225	0.378788	0.221154	0.121212	0.0534674	
0.669425	0.41925	0.25	0.138442	0.0613442	
0.629225	0.378788	0.221154	0.121212	0.0534674	
0.468687	0.245523	0.134615	0.0717851	0.0313131	
0.482587	0.269302	0.163568	0.102941	0.0643733	0.0376833	0.017413	
0.661046	0.431053	0.282028	0.183823	0.116869	0.0689469	0.0319688	
0.730543	0.511836	0.349669	0.233456	0.150331	0.0892668	0.0415154	
0.749292	0.536079	0.371354	0.25	0.161734	0.0962734	0.0448261	
0.730543	0.511836	0.349669	0.233456	0.150331	0.0892668	0.0415154	
0.661046	0.431053	0.282028	0.183823	0.116869	0.0689469	0.0319688	
0.482587	0.269302	0.163568	0.102941	0.0643733	0.0376833	0.017413	
0.488925	0.28091	0.178837	0.120344	0.0828866	0.0569988	0.0380273	0.0233065	0.011075	
0.67479	0.455876	0.314095	0.219651	0.154204	0.107081	0.071804	0.0441237	0.0209934	
0.75436	0.55371	0.402016	0.289963	0.207196	0.145318	0.0979839	0.0603909	0.028775	
0.788942	0.602586	0.450296	0.330988	0.239299	0.169012	0.114422	0.070681	0.0337157	
0.79882	0.617397	0.465596	0.344393	0.25	0.177009	0.120012	0.0741952	0.0354066	
0.788942	0.602586	0.450296	0.330988	0.239299	0.169012	0.114422	0.070681	0.0337157	
0.75436	0.55371	0.402016	0.289963	0.207196	0.145318	0.0979839	0.0603909	0.028775	
0.67479	0.455876	0.314095	0.219651	0.154204	0.107081	0.071804	0.0441237	0.0209934	
0.488925	0.28091	0.178837	0.120344	0.0828866	0.0569988	0.0380273	0.0233065	0.011075	
